7019,'1482898',631,,111,6,0,8,0
7019,'1482899',751,,112,6,0,8,0
12019,'1482623',701,,170,6,0,8,0
12019,'1482624',801,,171,6,0,8,0
16019,'1497350',759,,1563,17,0,9 10,0
16019,'1497351',859,,1564,17,0,9 10,0
16019,'1497352',959,,1565,17,0,9 10,0
16019,'1497353',1059,,1566,17,0,9 10,0
16019,'1497354',1159,,1567,17,0,9 10,0
16019,'1497355',1259,,1568,17,0,9 10,0
16019,'1497356',1359,,1569,17,0,9 10,0
16019,'1497357',1459,,1570,17,0,9 10,0
16019,'1497358',1559,,1571,17,0,9 10,0
16019,'1497359',1659,,1572,17,0,9 10,0
16019,'1497360',1759,,1573,17,0,9 10,0
16019,'1497361',859,,1574,17,0,9 10,0
16019,'1497362',959,,1575,17,0,9 10,0
16019,'1497363',1059,,1576,17,0,9 10,0
16019,'1497364',1159,,1577,17,0,9 10,0
16019,'1497365',1259,,1578,17,0,9 10,0
16019,'1497366',1359,,1579,17,0,9 10,0
16019,'1497367',1459,,1580,17,0,9 10,0
16019,'1497368',1559,,1581,17,0,9 10,0
16019,'1497369',1659,,1582,17,0,9 10,0
16019,'1497370',1759,,1583,17,0,9 10,0
