14019,'1492813',638,,577,11,,,0,64,,577,28,,,0
14019,'1492814',718,,578,11,,,0,24,,578,28,,,0
14019,'1492815',758,,579,11,,,0,64,,579,28,,,0
14019,'1492816',838,,580,11,,,0,64,,580,28,,,0
14019,'1492817',918,,581,11,,,0,24,,581,28,,,0
14019,'1492818',958,,582,11,,,0,64,,582,28,,,0
14019,'1492819',1038,,583,11,,,0,64,,583,28,,,0
14019,'1492820',1118,,584,11,,,0,24,,584,28,,,0
14019,'1492821',1158,,585,11,,,0,64,,585,28,,,0
14019,'1492822',1238,,586,11,,,0,64,,586,28,,,0
14019,'1492823',1318,,587,11,,,0,24,,587,28,,,0
14019,'1492824',1358,,588,11,,,0,64,,588,28,,,0
14019,'1492825',1438,,589,11,,,0,64,,589,28,,,0
14019,'1492826',1518,,590,11,,,0,24,,590,28,,,0
14019,'1492827',1558,,591,11,,,0,64,,591,28,,,0
14019,'1492828',1638,,592,11,,,0,64,,592,28,,,0
14019,'1492829',1718,,593,11,,,0,24,,593,28,,,0
14019,'1492830',1758,,594,11,,,0,64,,594,28,,,0
14019,'1492831',1838,,595,11,,,0,64,,595,28,,,0
14019,'1492832',1918,,596,11,,,0,24,,596,28,,,0
14019,'1492833',1958,,597,11,,,0,64,,597,28,,,0
14019,'1492834',2038,,598,11,,,0,64,,598,28,,,0
14019,'1492835',2118,,599,11,,,0,24,,599,28,,,0
14019,'1492836',2158,,600,11,,,0,64,,600,28,,,0
14019,'1492837',758,,601,11,,,0,64,,601,28,,,0
14019,'1492838',838,,602,11,,,0,64,,602,28,,,0
14019,'1492839',918,,603,11,,,0,24,,603,28,,,0
14019,'1492840',958,,604,11,,,0,64,,604,28,,,0
14019,'1492841',1038,,605,11,,,0,64,,605,28,,,0
14019,'1492842',1118,,606,11,,,0,24,,606,28,,,0
14019,'1492843',1158,,607,11,,,0,64,,607,28,,,0
14019,'1492844',1238,,608,11,,,0,64,,608,28,,,0
14019,'1492845',1318,,609,11,,,0,24,,609,28,,,0
14019,'1492846',1358,,610,11,,,0,64,,610,28,,,0
14019,'1492847',1438,,611,11,,,0,64,,611,28,,,0
14019,'1492848',1518,,612,11,,,0,24,,612,28,,,0
14019,'1492849',1558,,613,11,,,0,64,,613,28,,,0
14019,'1492850',1638,,614,11,,,0,64,,614,28,,,0
14019,'1492851',1718,,615,11,,,0,24,,615,28,,,0
14019,'1492852',1758,,616,11,,,0,64,,616,28,,,0
14019,'1492853',1838,,617,11,,,0,64,,617,28,,,0
14019,'1492854',1918,,618,11,,,0,24,,618,28,,,0
14019,'1492855',1958,,619,11,,,0,64,,619,28,,,0
14019,'1492856',2038,,620,11,,,0,64,,620,28,,,0
14019,'1492857',2118,,621,11,,,0,24,,621,28,,,0
14019,'1492858',2158,,622,11,,,0,64,,622,28,,,0
