1019,'1482680',810,,3,18,0,11,0
1019,'1482681',850,,4,18,0,11,0
1019,'1482682',930,,5,18,0,11,0
1019,'1482683',1010,,6,18,0,11,0
1019,'1482684',1050,,7,18,0,11,0
1019,'1482685',1130,,8,18,0,11,0
1019,'1482686',1210,,9,18,0,11,0
1019,'1482687',1250,,10,18,0,11,0
1019,'1482688',1330,,11,18,0,11,0
1019,'1482689',1410,,12,18,0,11,0
1019,'1482690',1450,,13,18,0,11,0
1019,'1482691',1530,,14,18,0,11,0
1019,'1482692',1610,,15,18,0,11,0
1019,'1482693',1650,,16,18,0,11,0
1019,'1482694',1730,,17,18,0,11,0
1019,'1482695',1810,,18,18,0,11,0
1019,'1482696',1850,,19,18,0,11,0
1019,'1482697',1930,,20,18,0,11,0
1019,'1482698',2010,,21,18,0,11,0
1019,'1482699',2050,,22,18,0,11,0
1019,'1482700',2130,,23,18,0,11,0
1019,'1482701',2210,,24,18,0,11,0
1019,'1485865',650,,26,21,0,11,0
1019,'1485866',730,,27,21,0,11,0
1019,'1485867',810,,28,21,0,11,0
1019,'1485868',850,,29,21,0,11,0
1019,'1485869',930,,30,21,0,11,0
1019,'1485870',1010,,31,21,0,11,0
1019,'1485871',1050,,32,21,0,11,0
1019,'1485872',1130,,33,21,0,11,0
1019,'1485873',1210,,34,21,0,11,0
1019,'1485874',1250,,35,21,0,11,0
1019,'1485875',1330,,36,21,0,11,0
1019,'1485876',1410,,37,21,0,11,0
1019,'1485877',1450,,38,21,0,11,0
1019,'1485878',1530,,39,21,0,11,0
1019,'1485879',1610,,40,21,0,11,0
1019,'1485880',1650,,41,21,0,11,0
1019,'1485881',1730,,42,21,0,11,0
1019,'1485882',1810,,43,21,0,11,0
1019,'1485883',810,,869,21,0,11,0
1019,'1485884',850,,870,21,0,11,0
1019,'1485885',930,,871,21,0,11,0
1019,'1485886',1010,,872,21,0,11,0
1019,'1485887',1050,,873,21,0,11,0
1019,'1485888',1130,,874,21,0,11,0
1019,'1485889',1210,,875,21,0,11,0
1019,'1485890',1250,,876,21,0,11,0
1019,'1485891',1330,,877,21,0,11,0
1019,'1485892',1410,,878,21,0,11,0
1019,'1485893',1450,,879,21,0,11,0
1019,'1485894',1530,,880,21,0,11,0
1019,'1485895',1610,,881,21,0,11,0
1019,'1485896',1650,,882,21,0,11,0
1019,'1485897',1730,,883,21,0,11,0
1019,'1485898',1810,,884,21,0,11,0
2019,'1486350',630,,775,2,,,0
2019,'1486351',710,,776,2,,,0
2019,'1486352',750,,777,2,,,0
2019,'1486353',830,,778,2,,,0
2019,'1486354',910,,779,2,,,0
2019,'1486355',950,,780,2,,,0
2019,'1486356',1030,,781,2,,,0
2019,'1486357',1110,,782,2,,,0
2019,'1486358',1150,,783,2,,,0
2019,'1486359',1230,,784,2,,,0
2019,'1486360',1310,,785,2,,,0
2019,'1486361',1350,,786,2,,,0
2019,'1486362',1430,,787,2,,,0
2019,'1486363',1510,,788,2,,,0
2019,'1486364',1550,,789,2,,,0
2019,'1486365',1630,,790,2,,,0
2019,'1486366',1710,,791,2,,,0
2019,'1486367',810,,886,19,,,0
2019,'1486368',850,,887,19,,,0
2019,'1486369',930,,888,19,,,0
2019,'1486370',1010,,889,19,,,0
2019,'1486371',1050,,890,19,,,0
2019,'1486372',1130,,891,19,,,0
2019,'1486373',1210,,892,19,,,0
2019,'1486374',1250,,893,19,,,0
2019,'1486375',1330,,894,19,,,0
2019,'1486376',1410,,895,19,,,0
2019,'1486377',1450,,896,19,,,0
2019,'1486378',1530,,897,19,,,0
2019,'1486379',1610,,898,19,,,0
2019,'1486380',1650,,899,19,,,0
2019,'1486381',1730,,900,19,,,0
2019,'1486382',1810,,901,19,,,0
2019,'1486958',1750,,792,2,,,0
3019,'1486792',741,,902,2,,,0
3019,'1486793',831,,903,2,,,0
3019,'1486794',911,,904,2,,,0
3019,'1486795',951,,905,2,,,0
3019,'1486796',1031,,906,2,,,0
3019,'1486797',1111,,907,2,,,0
3019,'1486798',1151,,908,2,,,0
3019,'1486799',1231,,909,2,,,0
3019,'1486800',1311,,910,2,,,0
3019,'1486801',1351,,911,2,,,0
3019,'1486802',1431,,912,2,,,0
3019,'1486803',1511,,913,2,,,0
3019,'1486804',1551,,914,2,,,0
3019,'1486805',1631,,915,2,,,0
10019,'1486951',650,,163,2,,,0
10019,'1486952',710,,164,2,,,0
10019,'1486953',730,,165,2,,,0
10019,'1486954',1530,,166,2,,,0
10019,'1486955',1550,,167,2,,,0
10019,'1486956',1610,,168,2,,,0
10019,'1486957',1630,,169,2,,,0
