20019,'1497182',642,,1459,12,,,0
20019,'1497183',722,,1460,12,,,0
20019,'1497184',802,,1461,12,,,0
20019,'1497185',842,,1462,12,,,0
20019,'1497186',922,,1463,12,,,0
20019,'1497187',1002,,1464,12,,,0
20019,'1497188',1042,,1465,12,,,0
20019,'1497189',1122,,1466,12,,,0
20019,'1497190',1202,,1467,12,,,0
20019,'1497191',1242,,1468,12,,,0
20019,'1497192',1322,,1469,12,,,0
20019,'1497193',1402,,1470,12,,,0
20019,'1497194',1442,,1471,12,,,0
20019,'1497195',1522,,1472,12,,,0
20019,'1497196',1602,,1473,12,,,0
20019,'1497197',1642,,1474,12,,,0
20019,'1497198',1722,,1475,12,,,0
20019,'1497199',1802,,1476,12,,,0
20019,'1497200',1842,,1477,12,,,0
20019,'1497201',1922,,1478,12,,,0
20019,'1497202',2002,,1479,12,,,0
20019,'1497203',2042,,1480,12,,,0
20019,'1497204',2122,,1481,12,,,0
20019,'1497205',2202,,1482,12,,,0
20019,'1497206',802,,1483,12,,,0
20019,'1497207',842,,1484,12,,,0
20019,'1497208',922,,1485,12,,,0
20019,'1497209',1002,,1486,12,,,0
20019,'1497210',1042,,1487,12,,,0
20019,'1497211',1122,,1488,12,,,0
20019,'1497212',1202,,1489,12,,,0
20019,'1497213',1242,,1490,12,,,0
20019,'1497214',1322,,1491,12,,,0
20019,'1497215',1402,,1492,12,,,0
20019,'1497216',1442,,1493,12,,,0
20019,'1497217',1522,,1494,12,,,0
20019,'1497218',1602,,1495,12,,,0
20019,'1497219',1642,,1496,12,,,0
20019,'1497220',1722,,1497,12,,,0
20019,'1497221',1802,,1498,12,,,0
20019,'1497222',1842,,1499,12,,,0
20019,'1497223',1922,,1500,12,,,0
20019,'1497224',2002,,1501,12,,,0
20019,'1497225',2042,,1502,12,,,0
20019,'1497226',2122,,1503,12,,,0
20019,'1497227',2202,,1504,12,,,0
