14019,'1494878',657,,793,23,,,0
14019,'1494879',737,,794,23,,,0
14019,'1494880',817,,795,23,,,0
14019,'1494881',857,,796,23,,,0
14019,'1494882',937,,797,23,,,0
14019,'1494883',1017,,798,23,,,0
14019,'1494884',1057,,799,23,,,0
14019,'1494885',1137,,800,23,,,0
14019,'1494886',1217,,801,23,,,0
14019,'1494887',1257,,802,23,,,0
14019,'1494888',1337,,803,23,,,0
14019,'1494889',1417,,804,23,,,0
14019,'1494890',1457,,805,23,,,0
14019,'1494891',1537,,806,23,,,0
14019,'1494892',1617,,807,23,,,0
14019,'1494893',1657,,808,23,,,0
14019,'1494894',1737,,809,23,,,0
14019,'1494895',1817,,810,23,,,0
14019,'1494896',1857,,811,23,,,0
14019,'1494897',1937,,812,23,,,0
14019,'1494898',2017,,813,23,,,0
14019,'1494899',2057,,814,23,,,0
14019,'1494900',2137,,815,23,,,0
14019,'1494901',2217,,816,23,,,0
14019,'1494902',817,,817,23,,,0
14019,'1494903',857,,818,23,,,0
14019,'1494904',937,,819,23,,,0
14019,'1494905',1017,,820,23,,,0
14019,'1494906',1057,,821,23,,,0
14019,'1494907',1137,,822,23,,,0
14019,'1494908',1217,,823,23,,,0
14019,'1494909',1257,,824,23,,,0
14019,'1494910',1337,,825,23,,,0
14019,'1494911',1417,,826,23,,,0
14019,'1494912',1457,,827,23,,,0
14019,'1494913',1537,,828,23,,,0
14019,'1494914',1617,,829,23,,,0
14019,'1494915',1657,,830,23,,,0
14019,'1494916',1737,,831,23,,,0
14019,'1494917',1817,,832,23,,,0
14019,'1494918',1857,,833,23,,,0
14019,'1494919',1937,,834,23,,,0
14019,'1494920',2017,,835,23,,,0
14019,'1494921',2057,,836,23,,,0
14019,'1494922',2137,,837,23,,,0
14019,'1494923',2217,,838,23,,,0
15019,'1492887',1915,,1660,50,,,0
15019,'1492888',2015,,1661,50,,,0
15019,'1492889',2115,,1662,50,,,0
15019,'1492890',2215,,1663,50,,,0
15019,'1495961',715,,1664,50,,,0
15019,'1495962',815,,1665,50,,,0
15019,'1495963',915,,1666,50,,,0
15019,'1495964',1015,,1667,50,,,0
15019,'1495965',1115,,1668,50,,,0
15019,'1495966',1215,,1669,50,,,0
15019,'1495967',1315,,1670,50,,,0
15019,'1495968',1415,,1671,50,,,0
15019,'1495969',1515,,1672,50,,,0
15019,'1495970',1615,,1673,50,,,0
15019,'1495971',1715,,1674,50,,,0
15019,'1495972',1815,,1675,50,,,0
15019,'1497631',715,,1676,50,,,0
15019,'1497632',815,,1677,50,,,0
15019,'1497633',915,,1678,50,,,0
15019,'1497634',1015,,1679,50,,,0
15019,'1497635',1115,,1680,50,,,0
15019,'1497636',1215,,1681,50,,,0
15019,'1497637',1315,,1682,50,,,0
15019,'1497638',1415,,1683,50,,,0
15019,'1497639',1515,,1684,50,,,0
15019,'1497640',1615,,1685,50,,,0
15019,'1497641',1715,,1686,50,,,0
15019,'1497642',1815,,1687,50,,,0
15019,'1497643',1915,,1688,50,,,0
15019,'1497644',2015,,1689,50,,,0
15019,'1497645',2115,,1690,50,,,0
15019,'1497646',2215,,1691,50,,,0
15019,'1497647',915,,1692,50,,,0
15019,'1497648',1015,,1693,50,,,0
15019,'1497649',1115,,1694,50,,,0
15019,'1497650',1215,,1695,50,,,0
15019,'1497651',1315,,1696,50,,,0
15019,'1497652',1415,,1697,50,,,0
15019,'1497653',1515,,1698,50,,,0
15019,'1497654',1615,,1699,50,,,0
15019,'1497655',1715,,1700,50,,,0
15019,'1497656',1815,,1701,50,,,0
15019,'1497657',1915,,1702,50,,,0
15019,'1497658',2015,,1703,50,,,0
15019,'1497659',2115,,1704,50,,,0
15019,'1497660',2215,,1705,50,,,0
