20019,'1497182',653,,1459,20,,,0
20019,'1497183',733,,1460,20,,,0
20019,'1497184',813,,1461,20,,,0
20019,'1497185',853,,1462,20,,,0
20019,'1497186',933,,1463,20,,,0
20019,'1497187',1013,,1464,20,,,0
20019,'1497188',1053,,1465,20,,,0
20019,'1497189',1133,,1466,20,,,0
20019,'1497190',1213,,1467,20,,,0
20019,'1497191',1253,,1468,20,,,0
20019,'1497192',1333,,1469,20,,,0
20019,'1497193',1413,,1470,20,,,0
20019,'1497194',1453,,1471,20,,,0
20019,'1497195',1533,,1472,20,,,0
20019,'1497196',1613,,1473,20,,,0
20019,'1497197',1653,,1474,20,,,0
20019,'1497198',1733,,1475,20,,,0
20019,'1497199',1813,,1476,20,,,0
20019,'1497200',1853,,1477,20,,,0
20019,'1497201',1933,,1478,20,,,0
20019,'1497202',2013,,1479,20,,,0
20019,'1497203',2053,,1480,20,,,0
20019,'1497204',2133,,1481,20,,,0
20019,'1497205',2213,,1482,20,,,0
20019,'1497206',813,,1483,20,,,0
20019,'1497207',853,,1484,20,,,0
20019,'1497208',933,,1485,20,,,0
20019,'1497209',1013,,1486,20,,,0
20019,'1497210',1053,,1487,20,,,0
20019,'1497211',1133,,1488,20,,,0
20019,'1497212',1213,,1489,20,,,0
20019,'1497213',1253,,1490,20,,,0
20019,'1497214',1333,,1491,20,,,0
20019,'1497215',1413,,1492,20,,,0
20019,'1497216',1453,,1493,20,,,0
20019,'1497217',1533,,1494,20,,,0
20019,'1497218',1613,,1495,20,,,0
20019,'1497219',1653,,1496,20,,,0
20019,'1497220',1733,,1497,20,,,0
20019,'1497221',1813,,1498,20,,,0
20019,'1497222',1853,,1499,20,,,0
20019,'1497223',1933,,1500,20,,,0
20019,'1497224',2013,,1501,20,,,0
20019,'1497225',2053,,1502,20,,,0
20019,'1497226',2133,,1503,20,,,0
20019,'1497227',2213,,1504,20,,,0
