15019,'1492887',1846,,1660,17,,,0
15019,'1492888',1946,,1661,17,,,0
15019,'1492889',2046,,1662,17,,,0
15019,'1492890',2146,,1663,17,,,0
15019,'1495961',646,,1664,17,,,0
15019,'1495962',746,,1665,17,,,0
15019,'1495963',846,,1666,17,,,0
15019,'1495964',946,,1667,17,,,0
15019,'1495965',1046,,1668,17,,,0
15019,'1495966',1146,,1669,17,,,0
15019,'1495967',1246,,1670,17,,,0
15019,'1495968',1346,,1671,17,,,0
15019,'1495969',1446,,1672,17,,,0
15019,'1495970',1546,,1673,17,,,0
15019,'1495971',1646,,1674,17,,,0
15019,'1495972',1746,,1675,17,,,0
15019,'1497631',645,,1676,17,,,0
15019,'1497632',745,,1677,17,,,0
15019,'1497633',845,,1678,17,,,0
15019,'1497634',945,,1679,17,,,0
15019,'1497635',1045,,1680,17,,,0
15019,'1497636',1145,,1681,17,,,0
15019,'1497637',1245,,1682,17,,,0
15019,'1497638',1345,,1683,17,,,0
15019,'1497639',1445,,1684,17,,,0
15019,'1497640',1545,,1685,17,,,0
15019,'1497641',1645,,1686,17,,,0
15019,'1497642',1745,,1687,17,,,0
15019,'1497643',1845,,1688,17,,,0
15019,'1497644',1945,,1689,17,,,0
15019,'1497645',2045,,1690,17,,,0
15019,'1497646',2145,,1691,17,,,0
15019,'1497647',845,,1692,17,,,0
15019,'1497648',945,,1693,17,,,0
15019,'1497649',1045,,1694,17,,,0
15019,'1497650',1145,,1695,17,,,0
15019,'1497651',1245,,1696,17,,,0
15019,'1497652',1345,,1697,17,,,0
15019,'1497653',1445,,1698,17,,,0
15019,'1497654',1545,,1699,17,,,0
15019,'1497655',1645,,1700,17,,,0
15019,'1497656',1745,,1701,17,,,0
15019,'1497657',1845,,1702,17,,,0
15019,'1497658',1945,,1703,17,,,0
15019,'1497659',2045,,1704,17,,,0
15019,'1497660',2145,,1705,17,,,0
