15019,'1492887',1904,,1660,43,,,0
15019,'1492888',2004,,1661,43,,,0
15019,'1492889',2104,,1662,43,,,0
15019,'1492890',2204,,1663,43,,,0
15019,'1495961',704,,1664,43,,,0
15019,'1495962',804,,1665,43,,,0
15019,'1495963',904,,1666,43,,,0
15019,'1495964',1004,,1667,43,,,0
15019,'1495965',1104,,1668,43,,,0
15019,'1495966',1204,,1669,43,,,0
15019,'1495967',1304,,1670,43,,,0
15019,'1495968',1404,,1671,43,,,0
15019,'1495969',1504,,1672,43,,,0
15019,'1495970',1604,,1673,43,,,0
15019,'1495971',1704,,1674,43,,,0
15019,'1495972',1804,,1675,43,,,0
15019,'1497631',704,,1676,43,,,0
15019,'1497632',804,,1677,43,,,0
15019,'1497633',904,,1678,43,,,0
15019,'1497634',1004,,1679,43,,,0
15019,'1497635',1104,,1680,43,,,0
15019,'1497636',1204,,1681,43,,,0
15019,'1497637',1304,,1682,43,,,0
15019,'1497638',1404,,1683,43,,,0
15019,'1497639',1504,,1684,43,,,0
15019,'1497640',1604,,1685,43,,,0
15019,'1497641',1704,,1686,43,,,0
15019,'1497642',1804,,1687,43,,,0
15019,'1497643',1904,,1688,43,,,0
15019,'1497644',2004,,1689,43,,,0
15019,'1497645',2104,,1690,43,,,0
15019,'1497646',2204,,1691,43,,,0
15019,'1497647',904,,1692,43,,,0
15019,'1497648',1004,,1693,43,,,0
15019,'1497649',1104,,1694,43,,,0
15019,'1497650',1204,,1695,43,,,0
15019,'1497651',1304,,1696,43,,,0
15019,'1497652',1404,,1697,43,,,0
15019,'1497653',1504,,1698,43,,,0
15019,'1497654',1604,,1699,43,,,0
15019,'1497655',1704,,1700,43,,,0
15019,'1497656',1804,,1701,43,,,0
15019,'1497657',1904,,1702,43,,,0
15019,'1497658',2004,,1703,43,,,0
15019,'1497659',2104,,1704,43,,,0
15019,'1497660',2204,,1705,43,,,0
