20019,'1487191',651,,1001,18,,,0
20019,'1487192',731,,1002,18,,,0
20019,'1487193',811,,1003,18,,,0
20019,'1487194',851,,1004,18,,,0
20019,'1487195',931,,1005,18,,,0
20019,'1487196',1011,,1006,18,,,0
20019,'1487197',1051,,1007,18,,,0
20019,'1487198',1131,,1008,18,,,0
20019,'1487199',1211,,1009,18,,,0
20019,'1487200',1251,,1010,18,,,0
20019,'1487201',1331,,1011,18,,,0
20019,'1487202',1411,,1012,18,,,0
20019,'1487203',1451,,1013,18,,,0
20019,'1487204',1531,,1014,18,,,0
20019,'1487205',1611,,1015,18,,,0
20019,'1487206',1651,,1016,18,,,0
20019,'1487207',1731,,1017,18,,,0
20019,'1487208',1811,,1018,18,,,0
20019,'1487209',1851,,1019,18,,,0
20019,'1487210',1931,,1020,18,,,0
20019,'1487211',2011,,1021,18,,,0
20019,'1487212',2051,,1022,18,,,0
20019,'1487213',2131,,1023,18,,,0
20019,'1487214',2211,,1024,18,,,0
20019,'1487215',811,,1025,18,,,0
20019,'1487216',851,,1026,18,,,0
20019,'1487217',931,,1027,18,,,0
20019,'1487218',1011,,1028,18,,,0
20019,'1487219',1051,,1029,18,,,0
20019,'1487220',1131,,1030,18,,,0
20019,'1487221',1211,,1031,18,,,0
20019,'1487222',1251,,1032,18,,,0
20019,'1487223',1331,,1033,18,,,0
20019,'1487224',1411,,1034,18,,,0
20019,'1487225',1451,,1035,18,,,0
20019,'1487226',1531,,1036,18,,,0
20019,'1487227',1611,,1037,18,,,0
20019,'1487228',1651,,1038,18,,,0
20019,'1487229',1731,,1039,18,,,0
20019,'1487230',1811,,1040,18,,,0
20019,'1487231',1851,,1041,18,,,0
20019,'1487232',1931,,1042,18,,,0
20019,'1487233',2011,,1043,18,,,0
20019,'1487234',2051,,1044,18,,,0
20019,'1487235',2131,,1045,18,,,0
20019,'1487236',2211,,1046,18,,,0
