12019,'1488124',712,,1637,4,0,12 13,0
12019,'1488125',812,,1638,4,0,12 13,0
12019,'1488126',912,,1639,4,0,12 13,0
12019,'1488127',1012,,1640,4,0,12 13,0
12019,'1488128',1112,,1641,4,0,12 13,0
12019,'1488129',1212,,1642,4,0,12 13,0
12019,'1488130',1312,,1643,4,0,12 13,0
12019,'1488131',1412,,1644,4,0,12 13,0
12019,'1488132',1512,,1645,4,0,12 13,0
12019,'1488133',1612,,1646,4,0,12 13,0
12019,'1488134',1712,,1647,4,0,12 13,0
12019,'1488135',1812,,1648,4,0,12 13,0
12019,'1488136',812,,1649,4,0,12 13,0
12019,'1488137',912,,1650,4,0,12 13,0
12019,'1488138',1012,,1651,4,0,12 13,0
12019,'1488139',1112,,1652,4,0,12 13,0
12019,'1488140',1212,,1653,4,0,12 13,0
12019,'1488141',1312,,1654,4,0,12 13,0
12019,'1488142',1412,,1655,4,0,12 13,0
12019,'1488143',1512,,1656,4,0,12 13,0
12019,'1488144',1612,,1657,4,0,12 13,0
12019,'1488145',1712,,1658,4,0,12 13,0
12019,'1488146',1812,,1659,4,0,12 13,0
93019,'1497427',723,,1706,13,0,5,0
93019,'1497428',823,,1707,13,0,5,0
93019,'1497429',923,,1708,13,0,5,0
93019,'1497430',1023,,1709,13,0,5,0
93019,'1497431',1123,,1710,13,0,5,0
93019,'1497432',1223,,1711,13,0,5,0
93019,'1497433',1323,,1712,13,0,5,0
93019,'1497434',1423,,1713,13,0,5,0
93019,'1497435',1523,,1714,13,0,5,0
93019,'1497436',1623,,1715,13,0,5,0
93019,'1497437',1723,,1716,13,0,5,0
901019,'1490032',803,,1584,13,,,0
901019,'1490033',923,,1585,13,,,0
901019,'1490034',1043,,1586,13,,,0
901019,'1490035',1203,,1587,13,,,0
901019,'1490036',1323,,1588,13,,,0
901019,'1490037',1443,,1589,13,,,0
901019,'1490038',1603,,1590,13,,,0
901019,'1490039',1723,,1591,13,,,0
901019,'1490040',1843,,1592,13,,,0
901019,'1490041',2003,,1593,13,,,0
901019,'1490042',2123,,1594,13,,,0
901019,'1497372',643,,1595,13,,,0
901019,'1497373',743,,1596,13,,,0
901019,'1497374',843,,1597,13,,,0
901019,'1497375',943,,1598,13,,,0
901019,'1497376',1043,,1599,13,,,0
901019,'1497377',1143,,1600,13,,,0
901019,'1497378',1243,,1601,13,,,0
901019,'1497379',1343,,1602,13,,,0
901019,'1497380',1443,,1603,13,,,0
901019,'1497381',1543,,1604,13,,,0
901019,'1497382',1643,,1605,13,,,0
901019,'1497383',1743,,1606,13,,,0
901019,'1497384',1843,,1607,13,,,0
901019,'1497385',2003,,1608,13,,,0
901019,'1497386',2123,,1609,13,,,0
902019,'1490054',1923,,1610,39,,,0
902019,'1490055',2043,,1611,39,,,0
902019,'1490056',2203,,1612,39,,,0
902019,'1490057',843,,1613,39,,,0
902019,'1490058',1003,,1614,39,,,0
902019,'1490059',1123,,1615,39,,,0
902019,'1490060',1243,,1616,39,,,0
902019,'1490061',1403,,1617,39,,,0
902019,'1490062',1523,,1618,39,,,0
902019,'1490063',1643,,1619,39,,,0
902019,'1490064',1803,,1620,39,,,0
902019,'1490065',1923,,1621,39,,,0
902019,'1490066',2043,,1622,39,,,0
902019,'1490067',2203,,1623,39,,,0
902019,'1490068',1803,,1624,13,,,0
902019,'1497387',703,,1625,13,,,0
902019,'1497388',803,,1626,13,,,0
902019,'1497389',903,,1627,13,,,0
902019,'1497390',1003,,1628,13,,,0
902019,'1497391',1103,,1629,13,,,0
902019,'1497392',1203,,1630,13,,,0
902019,'1497393',1303,,1631,13,,,0
902019,'1497394',1403,,1632,13,,,0
902019,'1497395',1503,,1633,13,,,0
902019,'1497396',1603,,1634,13,,,0
902019,'1497397',1703,,1635,13,,,0
