19019,'1489098',644,,1214,13,,,0
19019,'1489099',724,,1215,13,,,0
19019,'1489100',804,,1216,13,,,0
19019,'1489101',844,,1217,13,,,0
19019,'1489102',924,,1218,13,,,0
19019,'1489103',1004,,1219,13,,,0
19019,'1489104',1044,,1220,13,,,0
19019,'1489105',1124,,1221,13,,,0
19019,'1489106',1204,,1222,13,,,0
19019,'1489107',1244,,1223,13,,,0
19019,'1489108',1324,,1224,13,,,0
19019,'1489109',1404,,1225,13,,,0
19019,'1489110',1444,,1226,13,,,0
19019,'1489111',1524,,1227,13,,,0
19019,'1489112',1604,,1228,13,,,0
19019,'1489113',1644,,1229,13,,,0
19019,'1489114',1724,,1230,13,,,0
19019,'1489115',1804,,1231,13,,,0
19019,'1489116',704,,1232,13,,,0
19019,'1489117',744,,1233,13,,,0
19019,'1489118',824,,1234,13,,,0
19019,'1489119',904,,1235,13,,,0
19019,'1489120',944,,1236,13,,,0
19019,'1489121',1024,,1237,13,,,0
19019,'1489122',1104,,1238,13,,,0
19019,'1489123',1144,,1239,13,,,0
19019,'1489124',1224,,1240,13,,,0
19019,'1489125',1304,,1241,13,,,0
19019,'1489126',1344,,1242,13,,,0
19019,'1489127',1424,,1243,13,,,0
19019,'1489128',1504,,1244,13,,,0
19019,'1489129',1544,,1245,13,,,0
19019,'1489130',1624,,1246,13,,,0
19019,'1489131',1704,,1247,13,,,0
19019,'1489132',1744,,1248,13,,,0
901019,'1490032',844,,1584,45,0,16 17,0
901019,'1490033',1004,,1585,45,0,16 17,0
901019,'1490034',1124,,1586,45,0,16 17,0
901019,'1490035',1244,,1587,45,0,16 17,0
901019,'1490036',1404,,1588,45,0,16 17,0
901019,'1490037',1524,,1589,45,0,16 17,0
901019,'1490038',1644,,1590,45,0,16 17,0
901019,'1490039',1804,,1591,45,0,16 17,0
901019,'1490040',1924,,1592,45,0,16 17,0
901019,'1490041',2044,,1593,45,0,16 17,0
901019,'1490042',2204,,1594,45,0,16 17,0
901019,'1497384',1924,,1607,45,0,16 17,0
901019,'1497385',2044,,1608,45,0,16 17,0
901019,'1497386',2204,,1609,45,0,16 17,0
902019,'1490054',1844,,1610,13,0,16 17,0
902019,'1490055',2004,,1611,13,0,16 17,0
902019,'1490056',2124,,1612,13,0,16 17,0
902019,'1490057',804,,1613,13,0,16 17,0
902019,'1490058',924,,1614,13,0,16 17,0
902019,'1490059',1044,,1615,13,0,16 17,0
902019,'1490060',1204,,1616,13,0,16 17,0
902019,'1490061',1324,,1617,13,0,16 17,0
902019,'1490062',1444,,1618,13,0,16 17,0
902019,'1490063',1604,,1619,13,0,16 17,0
902019,'1490064',1724,,1620,13,0,16 17,0
902019,'1490065',1844,,1621,13,0,16 17,0
902019,'1490066',2004,,1622,13,0,16 17,0
902019,'1490067',2124,,1623,13,0,16 17,0
