12019,'1488124',713,,1637,6,0,12 13,0
12019,'1488125',813,,1638,6,0,12 13,0
12019,'1488126',913,,1639,6,0,12 13,0
12019,'1488127',1013,,1640,6,0,12 13,0
12019,'1488128',1113,,1641,6,0,12 13,0
12019,'1488129',1213,,1642,6,0,12 13,0
12019,'1488130',1313,,1643,6,0,12 13,0
12019,'1488131',1413,,1644,6,0,12 13,0
12019,'1488132',1513,,1645,6,0,12 13,0
12019,'1488133',1613,,1646,6,0,12 13,0
12019,'1488134',1713,,1647,6,0,12 13,0
12019,'1488135',1813,,1648,6,0,12 13,0
12019,'1488136',813,,1649,6,0,12 13,0
12019,'1488137',913,,1650,6,0,12 13,0
12019,'1488138',1013,,1651,6,0,12 13,0
12019,'1488139',1113,,1652,6,0,12 13,0
12019,'1488140',1213,,1653,6,0,12 13,0
12019,'1488141',1313,,1654,6,0,12 13,0
12019,'1488142',1413,,1655,6,0,12 13,0
12019,'1488143',1513,,1656,6,0,12 13,0
12019,'1488144',1613,,1657,6,0,12 13,0
12019,'1488145',1713,,1658,6,0,12 13,0
12019,'1488146',1813,,1659,6,0,12 13,0
