19019,'1489098',653,,1214,19,,,0
19019,'1489099',733,,1215,19,,,0
19019,'1489100',813,,1216,19,,,0
19019,'1489101',853,,1217,19,,,0
19019,'1489102',933,,1218,19,,,0
19019,'1489103',1013,,1219,19,,,0
19019,'1489104',1053,,1220,19,,,0
19019,'1489105',1133,,1221,19,,,0
19019,'1489106',1213,,1222,19,,,0
19019,'1489107',1253,,1223,19,,,0
19019,'1489108',1333,,1224,19,,,0
19019,'1489109',1413,,1225,19,,,0
19019,'1489110',1453,,1226,19,,,0
19019,'1489111',1533,,1227,19,,,0
19019,'1489112',1613,,1228,19,,,0
19019,'1489113',1653,,1229,19,,,0
19019,'1489114',1733,,1230,19,,,0
19019,'1489115',1813,,1231,19,,,0
19019,'1489116',713,,1232,19,,,0
19019,'1489117',753,,1233,19,,,0
19019,'1489118',833,,1234,19,,,0
19019,'1489119',913,,1235,19,,,0
19019,'1489120',953,,1236,19,,,0
19019,'1489121',1033,,1237,19,,,0
19019,'1489122',1113,,1238,19,,,0
19019,'1489123',1153,,1239,19,,,0
19019,'1489124',1233,,1240,19,,,0
19019,'1489125',1313,,1241,19,,,0
19019,'1489126',1353,,1242,19,,,0
19019,'1489127',1433,,1243,19,,,0
19019,'1489128',1513,,1244,19,,,0
19019,'1489129',1553,,1245,19,,,0
19019,'1489130',1633,,1246,19,,,0
19019,'1489131',1713,,1247,19,,,0
19019,'1489132',1753,,1248,19,,,0
