19019,'1489098',652,,1214,18,,,0
19019,'1489099',732,,1215,18,,,0
19019,'1489100',812,,1216,18,,,0
19019,'1489101',852,,1217,18,,,0
19019,'1489102',932,,1218,18,,,0
19019,'1489103',1012,,1219,18,,,0
19019,'1489104',1052,,1220,18,,,0
19019,'1489105',1132,,1221,18,,,0
19019,'1489106',1212,,1222,18,,,0
19019,'1489107',1252,,1223,18,,,0
19019,'1489108',1332,,1224,18,,,0
19019,'1489109',1412,,1225,18,,,0
19019,'1489110',1452,,1226,18,,,0
19019,'1489111',1532,,1227,18,,,0
19019,'1489112',1612,,1228,18,,,0
19019,'1489113',1652,,1229,18,,,0
19019,'1489114',1732,,1230,18,,,0
19019,'1489115',1812,,1231,18,,,0
19019,'1489116',712,,1232,18,,,0
19019,'1489117',752,,1233,18,,,0
19019,'1489118',832,,1234,18,,,0
19019,'1489119',912,,1235,18,,,0
19019,'1489120',952,,1236,18,,,0
19019,'1489121',1032,,1237,18,,,0
19019,'1489122',1112,,1238,18,,,0
19019,'1489123',1152,,1239,18,,,0
19019,'1489124',1232,,1240,18,,,0
19019,'1489125',1312,,1241,18,,,0
19019,'1489126',1352,,1242,18,,,0
19019,'1489127',1432,,1243,18,,,0
19019,'1489128',1512,,1244,18,,,0
19019,'1489129',1552,,1245,18,,,0
19019,'1489130',1632,,1246,18,,,0
19019,'1489131',1712,,1247,18,,,0
19019,'1489132',1752,,1248,18,,,0
901019,'1490032',852,,1584,50,0,16 17,0
901019,'1490033',1012,,1585,50,0,16 17,0
901019,'1490034',1132,,1586,50,0,16 17,0
901019,'1490035',1252,,1587,50,0,16 17,0
901019,'1490036',1412,,1588,50,0,16 17,0
901019,'1490037',1532,,1589,50,0,16 17,0
901019,'1490038',1652,,1590,50,0,16 17,0
901019,'1490039',1812,,1591,50,0,16 17,0
901019,'1490040',1932,,1592,50,0,16 17,0
901019,'1490041',2052,,1593,50,0,16 17,0
901019,'1490042',2212,,1594,50,0,16 17,0
901019,'1497384',1932,,1607,50,0,16 17,0
901019,'1497385',2052,,1608,50,0,16 17,0
901019,'1497386',2212,,1609,50,0,16 17,0
902019,'1490054',1852,,1610,18,0,16 17,0
902019,'1490055',2012,,1611,18,0,16 17,0
902019,'1490056',2132,,1612,18,0,16 17,0
902019,'1490057',812,,1613,18,0,16 17,0
902019,'1490058',932,,1614,18,0,16 17,0
902019,'1490059',1052,,1615,18,0,16 17,0
902019,'1490060',1212,,1616,18,0,16 17,0
902019,'1490061',1332,,1617,18,0,16 17,0
902019,'1490062',1452,,1618,18,0,16 17,0
902019,'1490063',1612,,1619,18,0,16 17,0
902019,'1490064',1732,,1620,18,0,16 17,0
902019,'1490065',1852,,1621,18,0,16 17,0
902019,'1490066',2012,,1622,18,0,16 17,0
902019,'1490067',2132,,1623,18,0,16 17,0
