14019,'1492813',631,,577,4,,,0
14019,'1492814',711,,578,4,,,0
14019,'1492815',751,,579,4,,,0
14019,'1492816',831,,580,4,,,0
14019,'1492817',911,,581,4,,,0
14019,'1492818',951,,582,4,,,0
14019,'1492819',1031,,583,4,,,0
14019,'1492820',1111,,584,4,,,0
14019,'1492821',1151,,585,4,,,0
14019,'1492822',1231,,586,4,,,0
14019,'1492823',1311,,587,4,,,0
14019,'1492824',1351,,588,4,,,0
14019,'1492825',1431,,589,4,,,0
14019,'1492826',1511,,590,4,,,0
14019,'1492827',1551,,591,4,,,0
14019,'1492828',1631,,592,4,,,0
14019,'1492829',1711,,593,4,,,0
14019,'1492830',1751,,594,4,,,0
14019,'1492831',1831,,595,4,,,0
14019,'1492832',1911,,596,4,,,0
14019,'1492833',1951,,597,4,,,0
14019,'1492834',2031,,598,4,,,0
14019,'1492835',2111,,599,4,,,0
14019,'1492836',2151,,600,4,,,0
14019,'1494878',631,,793,4,,,0
14019,'1494879',711,,794,4,,,0
14019,'1494880',751,,795,4,,,0
14019,'1494881',831,,796,4,,,0
14019,'1494882',911,,797,4,,,0
14019,'1494883',951,,798,4,,,0
14019,'1494884',1031,,799,4,,,0
14019,'1494885',1111,,800,4,,,0
14019,'1494886',1151,,801,4,,,0
14019,'1494887',1231,,802,4,,,0
14019,'1494888',1311,,803,4,,,0
14019,'1494889',1351,,804,4,,,0
14019,'1494890',1431,,805,4,,,0
14019,'1494891',1511,,806,4,,,0
14019,'1494892',1551,,807,4,,,0
14019,'1494893',1631,,808,4,,,0
14019,'1494894',1711,,809,4,,,0
14019,'1494895',1751,,810,4,,,0
14019,'1494896',1831,,811,4,,,0
14019,'1494897',1911,,812,4,,,0
14019,'1494898',1951,,813,4,,,0
14019,'1494899',2031,,814,4,,,0
14019,'1494900',2111,,815,4,,,0
14019,'1494901',2151,,816,4,,,0
14019,'1494902',751,,817,4,,,0
14019,'1494903',831,,818,4,,,0
14019,'1494904',911,,819,4,,,0
14019,'1494905',951,,820,4,,,0
14019,'1494906',1031,,821,4,,,0
14019,'1494907',1111,,822,4,,,0
14019,'1494908',1151,,823,4,,,0
14019,'1494909',1231,,824,4,,,0
14019,'1494910',1311,,825,4,,,0
14019,'1494911',1351,,826,4,,,0
14019,'1494912',1431,,827,4,,,0
14019,'1494913',1511,,828,4,,,0
14019,'1494914',1551,,829,4,,,0
14019,'1494915',1631,,830,4,,,0
14019,'1494916',1711,,831,4,,,0
14019,'1494917',1751,,832,4,,,0
14019,'1494918',1831,,833,4,,,0
14019,'1494919',1911,,834,4,,,0
14019,'1494920',1951,,835,4,,,0
14019,'1494921',2031,,836,4,,,0
14019,'1494922',2111,,837,4,,,0
14019,'1494923',2151,,838,4,,,0
