16019,'1497350',750,,1563,9,0,9 10,0
16019,'1497351',850,,1564,9,0,9 10,0
16019,'1497352',950,,1565,9,0,9 10,0
16019,'1497353',1050,,1566,9,0,9 10,0
16019,'1497354',1150,,1567,9,0,9 10,0
16019,'1497355',1250,,1568,9,0,9 10,0
16019,'1497356',1350,,1569,9,0,9 10,0
16019,'1497357',1450,,1570,9,0,9 10,0
16019,'1497358',1550,,1571,9,0,9 10,0
16019,'1497359',1650,,1572,9,0,9 10,0
16019,'1497360',1750,,1573,9,0,9 10,0
16019,'1497361',850,,1574,9,0,9 10,0
16019,'1497362',950,,1575,9,0,9 10,0
16019,'1497363',1050,,1576,9,0,9 10,0
16019,'1497364',1150,,1577,9,0,9 10,0
16019,'1497365',1250,,1578,9,0,9 10,0
16019,'1497366',1350,,1579,9,0,9 10,0
16019,'1497367',1450,,1580,9,0,9 10,0
16019,'1497368',1550,,1581,9,0,9 10,0
16019,'1497369',1650,,1582,9,0,9 10,0
16019,'1497370',1750,,1583,9,0,9 10,0
