15019,'1480582',622,,255,2,0,6,0
15019,'1480583',822,,256,2,0,6,0
19019,'1489098',653,,1214,20,,,0
19019,'1489099',733,,1215,20,,,0
19019,'1489100',813,,1216,20,,,0
19019,'1489101',853,,1217,20,,,0
19019,'1489102',933,,1218,20,,,0
19019,'1489103',1013,,1219,20,,,0
19019,'1489104',1053,,1220,20,,,0
19019,'1489105',1133,,1221,20,,,0
19019,'1489106',1213,,1222,20,,,0
19019,'1489107',1253,,1223,20,,,0
19019,'1489108',1333,,1224,20,,,0
19019,'1489109',1413,,1225,20,,,0
19019,'1489110',1453,,1226,20,,,0
19019,'1489111',1533,,1227,20,,,0
19019,'1489112',1613,,1228,20,,,0
19019,'1489113',1653,,1229,20,,,0
19019,'1489114',1733,,1230,20,,,0
19019,'1489115',1813,,1231,20,,,0
19019,'1489116',713,,1232,20,,,0
19019,'1489117',753,,1233,20,,,0
19019,'1489118',833,,1234,20,,,0
19019,'1489119',913,,1235,20,,,0
19019,'1489120',953,,1236,20,,,0
19019,'1489121',1033,,1237,20,,,0
19019,'1489122',1113,,1238,20,,,0
19019,'1489123',1153,,1239,20,,,0
19019,'1489124',1233,,1240,20,,,0
19019,'1489125',1313,,1241,20,,,0
19019,'1489126',1353,,1242,20,,,0
19019,'1489127',1433,,1243,20,,,0
19019,'1489128',1513,,1244,20,,,0
19019,'1489129',1553,,1245,20,,,0
19019,'1489130',1633,,1246,20,,,0
19019,'1489131',1713,,1247,20,,,0
19019,'1489132',1753,,1248,20,,,0
901019,'1490032',853,,1584,51,0,16 17,0
901019,'1490033',1013,,1585,51,0,16 17,0
901019,'1490034',1133,,1586,51,0,16 17,0
901019,'1490035',1253,,1587,51,0,16 17,0
901019,'1490036',1413,,1588,51,0,16 17,0
901019,'1490037',1533,,1589,51,0,16 17,0
901019,'1490038',1653,,1590,51,0,16 17,0
901019,'1490039',1813,,1591,51,0,16 17,0
901019,'1490040',1933,,1592,51,0,16 17,0
901019,'1490041',2053,,1593,51,0,16 17,0
901019,'1490042',2213,,1594,51,0,16 17,0
901019,'1497384',1933,,1607,51,0,16 17,0
901019,'1497385',2053,,1608,51,0,16 17,0
901019,'1497386',2213,,1609,51,0,16 17,0
902019,'1490054',1853,,1610,19,0,16 17,0
902019,'1490055',2013,,1611,19,0,16 17,0
902019,'1490056',2133,,1612,19,0,16 17,0
902019,'1490057',813,,1613,19,0,16 17,0
902019,'1490058',933,,1614,19,0,16 17,0
902019,'1490059',1053,,1615,19,0,16 17,0
902019,'1490060',1213,,1616,19,0,16 17,0
902019,'1490061',1333,,1617,19,0,16 17,0
902019,'1490062',1453,,1618,19,0,16 17,0
902019,'1490063',1613,,1619,19,0,16 17,0
902019,'1490064',1733,,1620,19,0,16 17,0
902019,'1490065',1853,,1621,19,0,16 17,0
902019,'1490066',2013,,1622,19,0,16 17,0
902019,'1490067',2133,,1623,19,0,16 17,0
