1019,'1485865',642,,26,14,0,11,0
1019,'1485866',722,,27,14,0,11,0
1019,'1485867',802,,28,14,0,11,0
1019,'1485868',842,,29,14,0,11,0
1019,'1485869',922,,30,14,0,11,0
1019,'1485870',1002,,31,14,0,11,0
1019,'1485871',1042,,32,14,0,11,0
1019,'1485872',1122,,33,14,0,11,0
1019,'1485873',1202,,34,14,0,11,0
1019,'1485874',1242,,35,14,0,11,0
1019,'1485875',1322,,36,14,0,11,0
1019,'1485876',1402,,37,14,0,11,0
1019,'1485877',1442,,38,14,0,11,0
1019,'1485878',1522,,39,14,0,11,0
1019,'1485879',1602,,40,14,0,11,0
1019,'1485880',1642,,41,14,0,11,0
1019,'1485881',1722,,42,14,0,11,0
1019,'1485882',1802,,43,14,0,11,0
1019,'1485883',802,,869,14,0,11,0
1019,'1485884',842,,870,14,0,11,0
1019,'1485885',922,,871,14,0,11,0
1019,'1485886',1002,,872,14,0,11,0
1019,'1485887',1042,,873,14,0,11,0
1019,'1485888',1122,,874,14,0,11,0
1019,'1485889',1202,,875,14,0,11,0
1019,'1485890',1242,,876,14,0,11,0
1019,'1485891',1322,,877,14,0,11,0
1019,'1485892',1402,,878,14,0,11,0
1019,'1485893',1442,,879,14,0,11,0
1019,'1485894',1522,,880,14,0,11,0
1019,'1485895',1602,,881,14,0,11,0
1019,'1485896',1642,,882,14,0,11,0
1019,'1485897',1722,,883,14,0,11,0
1019,'1485898',1802,,884,14,0,11,0
3019,'1486792',825,,902,37,,,0
3019,'1486793',905,,903,37,,,0
3019,'1486794',945,,904,37,,,0
3019,'1486795',1025,,905,37,,,0
3019,'1486796',1105,,906,37,,,0
3019,'1486797',1145,,907,37,,,0
3019,'1486798',1225,,908,37,,,0
3019,'1486799',1305,,909,37,,,0
3019,'1486800',1345,,910,37,,,0
3019,'1486801',1425,,911,37,,,0
3019,'1486802',1505,,912,37,,,0
3019,'1486803',1545,,913,37,,,0
3019,'1486804',1625,,914,37,,,0
3019,'1486805',1705,,915,37,,,0
3019,'1494946',735,,916,9,,,0
10019,'1483448',642,,161,9,0,5,0
10019,'1483449',1522,,162,9,0,5,0
