2019,'1486350',653,,1505,26,,,0
2019,'1486351',733,,1506,26,,,0
2019,'1486352',813,,1507,26,,,0
2019,'1486353',853,,1508,26,,,0
2019,'1486354',933,,1509,26,,,0
2019,'1486355',1013,,1510,26,,,0
2019,'1486356',1053,,1511,26,,,0
2019,'1486357',1133,,1512,26,,,0
2019,'1486358',1213,,1513,26,,,0
2019,'1486359',1253,,1514,26,,,0
2019,'1486360',1333,,1515,26,,,0
2019,'1486361',1413,,1516,26,,,0
2019,'1486362',1453,,1517,26,,,0
2019,'1486363',1533,,1518,26,,,0
2019,'1486364',1613,,1519,26,,,0
2019,'1486365',1653,,1520,26,,,0
2019,'1486366',1733,,1521,26,,,0
2019,'1486367',754,,1522,4,,,0
2019,'1486368',834,,1523,4,,,0
2019,'1486369',914,,1524,4,,,0
2019,'1486370',954,,1525,4,,,0
2019,'1486371',1034,,1526,4,,,0
2019,'1486372',1114,,1527,4,,,0
2019,'1486373',1154,,1528,4,,,0
2019,'1486374',1234,,1529,4,,,0
2019,'1486375',1314,,1530,4,,,0
2019,'1486376',1354,,1531,4,,,0
2019,'1486377',1434,,1532,4,,,0
2019,'1486378',1514,,1533,4,,,0
2019,'1486379',1554,,1534,4,,,0
2019,'1486380',1634,,1535,4,,,0
2019,'1486381',1714,,1536,4,,,0
2019,'1486382',1754,,1537,4,,,0
2019,'1486958',1813,,1538,26,,,0
