1019,'1481753',625,,1,4,0,6,0
1019,'1481754',745,,2,4,0,6,0
1019,'1482680',827,,3,34,0,18,0
1019,'1482681',907,,4,34,0,18,0
1019,'1482682',947,,5,34,0,18,0
1019,'1482683',1027,,6,34,0,18,0
1019,'1482684',1107,,7,34,0,18,0
1019,'1482685',1147,,8,34,0,18,0
1019,'1482686',1227,,9,34,0,18,0
1019,'1482687',1307,,10,34,0,18,0
1019,'1482688',1347,,11,34,0,18,0
1019,'1482689',1427,,12,34,0,18,0
1019,'1482690',1507,,13,34,0,18,0
1019,'1482691',1547,,14,34,0,18,0
1019,'1482692',1627,,15,34,0,18,0
1019,'1482693',1707,,16,34,0,18,0
1019,'1482694',1747,,17,34,0,18,0
1019,'1482695',1827,,18,34,0,18,0
1019,'1482696',1907,,19,34,0,18,0
1019,'1482697',1947,,20,34,0,18,0
1019,'1482698',2027,,21,34,0,18,0
1019,'1482699',2107,,22,34,0,18,0
1019,'1482700',2147,,23,34,0,18,0
1019,'1482701',2227,,24,34,0,18,0
1019,'1485865',706,,26,37,0,11,0
1019,'1485866',746,,27,37,0,11,0
1019,'1485867',826,,28,37,0,11,0
1019,'1485868',906,,29,37,0,11,0
1019,'1485869',946,,30,37,0,11,0
1019,'1485870',1026,,31,37,0,11,0
1019,'1485871',1106,,32,37,0,11,0
1019,'1485872',1146,,33,37,0,11,0
1019,'1485873',1226,,34,37,0,11,0
1019,'1485874',1306,,35,37,0,11,0
1019,'1485875',1346,,36,37,0,11,0
1019,'1485876',1426,,37,37,0,11,0
1019,'1485877',1506,,38,37,0,11,0
1019,'1485878',1546,,39,37,0,11,0
1019,'1485879',1626,,40,37,0,11,0
1019,'1485880',1706,,41,37,0,11,0
1019,'1485881',1746,,42,37,0,11,0
1019,'1485882',1826,,43,37,0,11,0
1019,'1485883',826,,869,37,0,11,0
1019,'1485884',906,,870,37,0,11,0
1019,'1485885',946,,871,37,0,11,0
1019,'1485886',1026,,872,37,0,11,0
1019,'1485887',1106,,873,37,0,11,0
1019,'1485888',1146,,874,37,0,11,0
1019,'1485889',1226,,875,37,0,11,0
1019,'1485890',1306,,876,37,0,11,0
1019,'1485891',1346,,877,37,0,11,0
1019,'1485892',1426,,878,37,0,11,0
1019,'1485893',1506,,879,37,0,11,0
1019,'1485894',1546,,880,37,0,11,0
1019,'1485895',1626,,881,37,0,11,0
1019,'1485896',1706,,882,37,0,11,0
1019,'1485897',1746,,883,37,0,11,0
1019,'1485898',1826,,884,37,0,11,0
3019,'1486996',804,,1149,21,,,0
3019,'1486997',848,,1150,21,,,0
3019,'1486998',928,,1151,21,,,0
3019,'1486999',1008,,1152,21,,,0
3019,'1487000',1048,,1153,21,,,0
3019,'1487001',1128,,1154,21,,,0
3019,'1487002',1208,,1155,21,,,0
3019,'1487003',1248,,1156,21,,,0
3019,'1487004',1328,,1157,21,,,0
3019,'1487005',1408,,1158,21,,,0
3019,'1487006',1448,,1159,21,,,0
3019,'1487007',1528,,1160,21,,,0
3019,'1487008',1608,,1161,21,,,0
3019,'1487009',1648,,1162,21,,,0
6809,'1482170',725,,1068,1,,,0
6809,'1482173',1425,,1071,1,,,0
93019,'1487148',705,,1074,4,,,0
901019,'1480871',624,,454,4,0,6,0
901019,'1480872',744,,455,4,0,6,0
902019,'1488258',646,,501,4,0,6,0
902019,'1488259',746,,502,4,0,6,0
