15019,'1480582',623,,255,4,0,6,0
15019,'1480583',823,,256,4,0,6,0
66019,'1489865',820,,1047,14,,,0
66019,'1489866',850,,1048,14,,,0
66019,'1489867',920,,1049,14,,,0
66019,'1489868',950,,1050,14,,,0
66019,'1489869',1020,,1051,14,,,0
66019,'1489870',1050,,1052,14,,,0
66019,'1489871',1120,,1053,14,,,0
66019,'1489872',1150,,1054,14,,,0
66019,'1489873',1220,,1055,14,,,0
66019,'1489874',1250,,1056,14,,,0
66019,'1489875',1320,,1057,14,,,0
66019,'1489876',1350,,1058,14,,,0
66019,'1489877',1420,,1059,14,,,0
66019,'1489878',1450,,1060,14,,,0
66019,'1489879',1520,,1061,14,,,0
66019,'1489880',1550,,1062,14,,,0
66019,'1489881',1620,,1063,14,,,0
66019,'1489882',1650,,1064,14,,,0
66019,'1489883',1720,,1065,14,,,0
