7019,'1489971',653,,113,17,0,7,0
7019,'1489972',733,,114,17,0,7,0
7019,'1489973',813,,115,17,0,7,0
7019,'1489974',853,,116,17,0,7,0
7019,'1489975',933,,117,17,0,7,0
7019,'1489976',1013,,118,17,0,7,0
7019,'1489977',1053,,917,17,0,7,0
7019,'1489978',1133,,918,17,0,7,0
7019,'1489979',1213,,919,17,0,7,0
7019,'1489980',1253,,920,17,0,7,0
7019,'1489981',1333,,921,17,0,7,0
7019,'1489982',1413,,922,17,0,7,0
7019,'1489983',1453,,119,17,0,7,0
7019,'1489984',1533,,120,17,0,7,0
7019,'1489985',1613,,121,17,0,7,0
7019,'1489986',1653,,122,17,0,7,0
7019,'1489987',1733,,123,17,0,7,0
7019,'1489988',1813,,124,17,0,7,0
7019,'1489989',1853,,923,17,0,7,0
7019,'1489990',1933,,924,17,0,7,0
7019,'1489991',2013,,925,17,0,7,0
7019,'1489992',2053,,926,17,0,7,0
7019,'1489993',2133,,927,17,0,7,0
7019,'1489994',2213,,928,17,0,7,0
7019,'1489995',813,,125,17,0,7,0
7019,'1489996',853,,126,17,0,7,0
7019,'1489997',933,,127,17,0,7,0
7019,'1489998',1013,,128,17,0,7,0
7019,'1489999',1053,,129,17,0,7,0
7019,'1490000',1133,,130,17,0,7,0
7019,'1490001',1213,,131,17,0,7,0
7019,'1490002',1253,,132,17,0,7,0
7019,'1490003',1333,,133,17,0,7,0
7019,'1490004',1413,,134,17,0,7,0
7019,'1490005',1453,,135,17,0,7,0
7019,'1490006',1533,,136,17,0,7,0
7019,'1490007',1613,,137,17,0,7,0
7019,'1490008',1653,,138,17,0,7,0
7019,'1490009',1733,,139,17,0,7,0
7019,'1490010',1813,,140,17,0,7,0
7019,'1490011',1853,,929,17,0,7,0
7019,'1490012',1933,,930,17,0,7,0
7019,'1490013',2013,,931,17,0,7,0
7019,'1490014',2053,,932,17,0,7,0
7019,'1490015',2133,,933,17,0,7,0
7019,'1490016',2213,,934,17,0,7,0
