1019,'1483501',746,,25,6,0,18,0
2019,'1483532',746,,885,6,,,0
2019,'1486350',642,,1505,18,,,0
2019,'1486351',722,,1506,18,,,0
2019,'1486352',802,,1507,18,,,0
2019,'1486353',842,,1508,18,,,0
2019,'1486354',922,,1509,18,,,0
2019,'1486355',1002,,1510,18,,,0
2019,'1486356',1042,,1511,18,,,0
2019,'1486357',1122,,1512,18,,,0
2019,'1486358',1202,,1513,18,,,0
2019,'1486359',1242,,1514,18,,,0
2019,'1486360',1322,,1515,18,,,0
2019,'1486361',1402,,1516,18,,,0
2019,'1486362',1442,,1517,18,,,0
2019,'1486363',1522,,1518,18,,,0
2019,'1486364',1602,,1519,18,,,0
2019,'1486365',1642,,1520,18,,,0
2019,'1486366',1722,,1521,18,,,0
2019,'1486367',822,,1522,35,,,0
2019,'1486368',902,,1523,35,,,0
2019,'1486369',942,,1524,35,,,0
2019,'1486370',1022,,1525,35,,,0
2019,'1486371',1102,,1526,35,,,0
2019,'1486372',1142,,1527,35,,,0
2019,'1486373',1222,,1528,35,,,0
2019,'1486374',1302,,1529,35,,,0
2019,'1486375',1342,,1530,35,,,0
2019,'1486376',1422,,1531,35,,,0
2019,'1486377',1502,,1532,35,,,0
2019,'1486378',1542,,1533,35,,,0
2019,'1486379',1622,,1534,35,,,0
2019,'1486380',1702,,1535,35,,,0
2019,'1486381',1742,,1536,35,,,0
2019,'1486382',1822,,1537,35,,,0
2019,'1486958',1802,,1538,18,,,0
3019,'1486996',753,,1149,10,,,0
3019,'1486997',843,,1150,10,,,0
3019,'1486998',923,,1151,10,,,0
3019,'1486999',1003,,1152,10,,,0
3019,'1487000',1043,,1153,10,,,0
3019,'1487001',1123,,1154,10,,,0
3019,'1487002',1203,,1155,10,,,0
3019,'1487003',1243,,1156,10,,,0
3019,'1487004',1323,,1157,10,,,0
3019,'1487005',1403,,1158,10,,,0
3019,'1487006',1443,,1159,10,,,0
3019,'1487007',1523,,1160,10,,,0
3019,'1487008',1603,,1161,10,,,0
3019,'1487009',1643,,1162,10,,,0
4019,'1480746',624,,63,2,,,0
4019,'1480747',744,,64,2,,,0
