20019,'1487191',640,,1001,12,,,0
20019,'1487192',720,,1002,12,,,0
20019,'1487193',800,,1003,12,,,0
20019,'1487194',840,,1004,12,,,0
20019,'1487195',920,,1005,12,,,0
20019,'1487196',1000,,1006,12,,,0
20019,'1487197',1040,,1007,12,,,0
20019,'1487198',1120,,1008,12,,,0
20019,'1487199',1200,,1009,12,,,0
20019,'1487200',1240,,1010,12,,,0
20019,'1487201',1320,,1011,12,,,0
20019,'1487202',1400,,1012,12,,,0
20019,'1487203',1440,,1013,12,,,0
20019,'1487204',1520,,1014,12,,,0
20019,'1487205',1600,,1015,12,,,0
20019,'1487206',1640,,1016,12,,,0
20019,'1487207',1720,,1017,12,,,0
20019,'1487208',1800,,1018,12,,,0
20019,'1487209',1840,,1019,12,,,0
20019,'1487210',1920,,1020,12,,,0
20019,'1487211',2000,,1021,12,,,0
20019,'1487212',2040,,1022,12,,,0
20019,'1487213',2120,,1023,12,,,0
20019,'1487214',2200,,1024,12,,,0
20019,'1492422',640,,1249,11,,,0
20019,'1492423',720,,1250,11,,,0
20019,'1492424',800,,1251,11,,,0
20019,'1492425',840,,1252,11,,,0
20019,'1492426',920,,1253,11,,,0
20019,'1492427',1000,,1254,11,,,0
20019,'1492428',1040,,1255,11,,,0
20019,'1492429',1120,,1256,11,,,0
20019,'1492430',1200,,1257,11,,,0
20019,'1492431',1240,,1258,11,,,0
20019,'1492432',1320,,1259,11,,,0
20019,'1492433',1400,,1260,11,,,0
20019,'1492434',1440,,1261,11,,,0
20019,'1492435',1520,,1262,11,,,0
20019,'1492436',1600,,1263,11,,,0
20019,'1492437',1640,,1264,11,,,0
20019,'1492438',1720,,1265,11,,,0
20019,'1492439',1800,,1266,11,,,0
20019,'1492440',800,,1267,11,,,0
20019,'1492441',840,,1268,11,,,0
20019,'1492442',920,,1269,11,,,0
20019,'1492443',1000,,1270,11,,,0
20019,'1492444',1040,,1271,11,,,0
20019,'1492445',1120,,1272,11,,,0
20019,'1492446',1200,,1273,11,,,0
20019,'1492447',1240,,1274,11,,,0
20019,'1492448',1320,,1275,11,,,0
20019,'1492449',1400,,1276,11,,,0
20019,'1492450',1440,,1277,11,,,0
20019,'1492451',1520,,1278,11,,,0
20019,'1492452',1600,,1279,11,,,0
20019,'1492453',1640,,1280,11,,,0
20019,'1492454',1720,,1281,11,,,0
20019,'1492455',1800,,1282,11,,,0
20019,'1496039',1840,,1283,11,,,0
20019,'1496040',1920,,1284,11,,,0
20019,'1496041',2000,,1285,11,,,0
20019,'1496042',2040,,1286,11,,,0
20019,'1496043',2120,,1287,11,,,0
20019,'1496044',2200,,1288,11,,,0
20019,'1496045',1840,,1289,11,,,0
20019,'1496046',1920,,1290,11,,,0
20019,'1496047',2000,,1291,11,,,0
20019,'1496048',2040,,1292,11,,,0
20019,'1496049',2120,,1293,11,,,0
20019,'1496050',2200,,1294,11,,,0
