7019,'1489971',643,,113,8,0,7,0
7019,'1489972',723,,114,8,0,7,0
7019,'1489973',803,,115,8,0,7,0
7019,'1489974',843,,116,8,0,7,0
7019,'1489975',923,,117,8,0,7,0
7019,'1489976',1003,,118,8,0,7,0
7019,'1489977',1043,,917,8,0,7,0
7019,'1489978',1123,,918,8,0,7,0
7019,'1489979',1203,,919,8,0,7,0
7019,'1489980',1243,,920,8,0,7,0
7019,'1489981',1323,,921,8,0,7,0
7019,'1489982',1403,,922,8,0,7,0
7019,'1489983',1443,,119,8,0,7,0
7019,'1489984',1523,,120,8,0,7,0
7019,'1489985',1603,,121,8,0,7,0
7019,'1489986',1643,,122,8,0,7,0
7019,'1489987',1723,,123,8,0,7,0
7019,'1489988',1803,,124,8,0,7,0
7019,'1489989',1843,,923,8,0,7,0
7019,'1489990',1923,,924,8,0,7,0
7019,'1489991',2003,,925,8,0,7,0
7019,'1489992',2043,,926,8,0,7,0
7019,'1489993',2123,,927,8,0,7,0
7019,'1489994',2203,,928,8,0,7,0
7019,'1489995',803,,125,8,0,7,0
7019,'1489996',843,,126,8,0,7,0
7019,'1489997',923,,127,8,0,7,0
7019,'1489998',1003,,128,8,0,7,0
7019,'1489999',1043,,129,8,0,7,0
7019,'1490000',1123,,130,8,0,7,0
7019,'1490001',1203,,131,8,0,7,0
7019,'1490002',1243,,132,8,0,7,0
7019,'1490003',1323,,133,8,0,7,0
7019,'1490004',1403,,134,8,0,7,0
7019,'1490005',1443,,135,8,0,7,0
7019,'1490006',1523,,136,8,0,7,0
7019,'1490007',1603,,137,8,0,7,0
7019,'1490008',1643,,138,8,0,7,0
7019,'1490009',1723,,139,8,0,7,0
7019,'1490010',1803,,140,8,0,7,0
7019,'1490011',1843,,929,8,0,7,0
7019,'1490012',1923,,930,8,0,7,0
7019,'1490013',2003,,931,8,0,7,0
7019,'1490014',2043,,932,8,0,7,0
7019,'1490015',2123,,933,8,0,7,0
7019,'1490016',2203,,934,8,0,7,0
