1019,'1485865',640,,26,10,0,11,0
1019,'1485866',720,,27,10,0,11,0
1019,'1485867',800,,28,10,0,11,0
1019,'1485868',840,,29,10,0,11,0
1019,'1485869',920,,30,10,0,11,0
1019,'1485870',1000,,31,10,0,11,0
1019,'1485871',1040,,32,10,0,11,0
1019,'1485872',1120,,33,10,0,11,0
1019,'1485873',1200,,34,10,0,11,0
1019,'1485874',1240,,35,10,0,11,0
1019,'1485875',1320,,36,10,0,11,0
1019,'1485876',1400,,37,10,0,11,0
1019,'1485877',1440,,38,10,0,11,0
1019,'1485878',1520,,39,10,0,11,0
1019,'1485879',1600,,40,10,0,11,0
1019,'1485880',1640,,41,10,0,11,0
1019,'1485881',1720,,42,10,0,11,0
1019,'1485882',1800,,43,10,0,11,0
1019,'1485883',800,,869,10,0,11,0
1019,'1485884',840,,870,10,0,11,0
1019,'1485885',920,,871,10,0,11,0
1019,'1485886',1000,,872,10,0,11,0
1019,'1485887',1040,,873,10,0,11,0
1019,'1485888',1120,,874,10,0,11,0
1019,'1485889',1200,,875,10,0,11,0
1019,'1485890',1240,,876,10,0,11,0
1019,'1485891',1320,,877,10,0,11,0
1019,'1485892',1400,,878,10,0,11,0
1019,'1485893',1440,,879,10,0,11,0
1019,'1485894',1520,,880,10,0,11,0
1019,'1485895',1600,,881,10,0,11,0
1019,'1485896',1640,,882,10,0,11,0
1019,'1485897',1720,,883,10,0,11,0
1019,'1485898',1800,,884,10,0,11,0
3019,'1486996',822,,1149,33,,,0
3019,'1486997',902,,1150,33,,,0
3019,'1486998',942,,1151,33,,,0
3019,'1486999',1022,,1152,33,,,0
3019,'1487000',1102,,1153,33,,,0
3019,'1487001',1142,,1154,33,,,0
3019,'1487002',1222,,1155,33,,,0
3019,'1487003',1302,,1156,33,,,0
3019,'1487004',1342,,1157,33,,,0
3019,'1487005',1422,,1158,33,,,0
3019,'1487006',1502,,1159,33,,,0
3019,'1487007',1542,,1160,33,,,0
3019,'1487008',1622,,1161,33,,,0
3019,'1487009',1702,,1162,33,,,0
3019,'1494946',734,,916,5,,,0
10019,'1483448',640,,161,5,0,5,0
10019,'1483449',1520,,162,5,0,5,0
