14019,'1492813',639,,577,13,,,0,64,,577,30,,,0
14019,'1492814',719,,578,13,,,0,24,,578,30,,,0
14019,'1492815',759,,579,13,,,0,64,,579,30,,,0
14019,'1492816',839,,580,13,,,0,64,,580,30,,,0
14019,'1492817',919,,581,13,,,0,24,,581,30,,,0
14019,'1492818',959,,582,13,,,0,64,,582,30,,,0
14019,'1492819',1039,,583,13,,,0,64,,583,30,,,0
14019,'1492820',1119,,584,13,,,0,24,,584,30,,,0
14019,'1492821',1159,,585,13,,,0,64,,585,30,,,0
14019,'1492822',1239,,586,13,,,0,64,,586,30,,,0
14019,'1492823',1319,,587,13,,,0,24,,587,30,,,0
14019,'1492824',1359,,588,13,,,0,64,,588,30,,,0
14019,'1492825',1439,,589,13,,,0,64,,589,30,,,0
14019,'1492826',1519,,590,13,,,0,24,,590,30,,,0
14019,'1492827',1559,,591,13,,,0,64,,591,30,,,0
14019,'1492828',1639,,592,13,,,0,64,,592,30,,,0
14019,'1492829',1719,,593,13,,,0,24,,593,30,,,0
14019,'1492830',1759,,594,13,,,0,64,,594,30,,,0
14019,'1492831',1839,,595,13,,,0,64,,595,30,,,0
14019,'1492832',1919,,596,13,,,0,24,,596,30,,,0
14019,'1492833',1959,,597,13,,,0,64,,597,30,,,0
14019,'1492834',2039,,598,13,,,0,64,,598,30,,,0
14019,'1492835',2119,,599,13,,,0,24,,599,30,,,0
14019,'1492836',2159,,600,13,,,0,64,,600,30,,,0
14019,'1492837',759,,601,13,,,0,64,,601,30,,,0
14019,'1492838',839,,602,13,,,0,64,,602,30,,,0
14019,'1492839',919,,603,13,,,0,24,,603,30,,,0
14019,'1492840',959,,604,13,,,0,64,,604,30,,,0
14019,'1492841',1039,,605,13,,,0,64,,605,30,,,0
14019,'1492842',1119,,606,13,,,0,24,,606,30,,,0
14019,'1492843',1159,,607,13,,,0,64,,607,30,,,0
14019,'1492844',1239,,608,13,,,0,64,,608,30,,,0
14019,'1492845',1319,,609,13,,,0,24,,609,30,,,0
14019,'1492846',1359,,610,13,,,0,64,,610,30,,,0
14019,'1492847',1439,,611,13,,,0,64,,611,30,,,0
14019,'1492848',1519,,612,13,,,0,24,,612,30,,,0
14019,'1492849',1559,,613,13,,,0,64,,613,30,,,0
14019,'1492850',1639,,614,13,,,0,64,,614,30,,,0
14019,'1492851',1719,,615,13,,,0,24,,615,30,,,0
14019,'1492852',1759,,616,13,,,0,64,,616,30,,,0
14019,'1492853',1839,,617,13,,,0,64,,617,30,,,0
14019,'1492854',1919,,618,13,,,0,24,,618,30,,,0
14019,'1492855',1959,,619,13,,,0,64,,619,30,,,0
14019,'1492856',2039,,620,13,,,0,64,,620,30,,,0
14019,'1492857',2119,,621,13,,,0,24,,621,30,,,0
14019,'1492858',2159,,622,13,,,0,64,,622,30,,,0
