12019,'1488124',732,,1637,27,0,12 13,0
12019,'1488125',832,,1638,27,0,12 13,0
12019,'1488126',932,,1639,27,0,12 13,0
12019,'1488127',1032,,1640,27,0,12 13,0
12019,'1488128',1132,,1641,27,0,12 13,0
12019,'1488129',1232,,1642,27,0,12 13,0
12019,'1488130',1332,,1643,27,0,12 13,0
12019,'1488131',1432,,1644,27,0,12 13,0
12019,'1488132',1532,,1645,27,0,12 13,0
12019,'1488133',1632,,1646,27,0,12 13,0
12019,'1488134',1732,,1647,27,0,12 13,0
12019,'1488135',1832,,1648,27,0,12 13,0
12019,'1488136',832,,1649,27,0,12 13,0
12019,'1488137',932,,1650,27,0,12 13,0
12019,'1488138',1032,,1651,27,0,12 13,0
12019,'1488139',1132,,1652,27,0,12 13,0
12019,'1488140',1232,,1653,27,0,12 13,0
12019,'1488141',1332,,1654,27,0,12 13,0
12019,'1488142',1432,,1655,27,0,12 13,0
12019,'1488143',1532,,1656,27,0,12 13,0
12019,'1488144',1632,,1657,27,0,12 13,0
12019,'1488145',1732,,1658,27,0,12 13,0
12019,'1488146',1832,,1659,27,0,12 13,0
