20019,'1487191',655,,1001,22,,,0
20019,'1487192',735,,1002,22,,,0
20019,'1487193',815,,1003,22,,,0
20019,'1487194',855,,1004,22,,,0
20019,'1487195',935,,1005,22,,,0
20019,'1487196',1015,,1006,22,,,0
20019,'1487197',1055,,1007,22,,,0
20019,'1487198',1135,,1008,22,,,0
20019,'1487199',1215,,1009,22,,,0
20019,'1487200',1255,,1010,22,,,0
20019,'1487201',1335,,1011,22,,,0
20019,'1487202',1415,,1012,22,,,0
20019,'1487203',1455,,1013,22,,,0
20019,'1487204',1535,,1014,22,,,0
20019,'1487205',1615,,1015,22,,,0
20019,'1487206',1655,,1016,22,,,0
20019,'1487207',1735,,1017,22,,,0
20019,'1487208',1815,,1018,22,,,0
20019,'1487209',1855,,1019,22,,,0
20019,'1487210',1935,,1020,22,,,0
20019,'1487211',2015,,1021,22,,,0
20019,'1487212',2055,,1022,22,,,0
20019,'1487213',2135,,1023,22,,,0
20019,'1487214',2215,,1024,22,,,0
20019,'1487215',815,,1025,22,,,0
20019,'1487216',855,,1026,22,,,0
20019,'1487217',935,,1027,22,,,0
20019,'1487218',1015,,1028,22,,,0
20019,'1487219',1055,,1029,22,,,0
20019,'1487220',1135,,1030,22,,,0
20019,'1487221',1215,,1031,22,,,0
20019,'1487222',1255,,1032,22,,,0
20019,'1487223',1335,,1033,22,,,0
20019,'1487224',1415,,1034,22,,,0
20019,'1487225',1455,,1035,22,,,0
20019,'1487226',1535,,1036,22,,,0
20019,'1487227',1615,,1037,22,,,0
20019,'1487228',1655,,1038,22,,,0
20019,'1487229',1735,,1039,22,,,0
20019,'1487230',1815,,1040,22,,,0
20019,'1487231',1855,,1041,22,,,0
20019,'1487232',1935,,1042,22,,,0
20019,'1487233',2015,,1043,22,,,0
20019,'1487234',2055,,1044,22,,,0
20019,'1487235',2135,,1045,22,,,0
20019,'1487236',2215,,1046,22,,,0
