7019,'1489971',700,,113,25,0,7,0
7019,'1489972',740,,114,25,0,7,0
7019,'1489973',820,,115,25,0,7,0
7019,'1489974',900,,116,25,0,7,0
7019,'1489975',940,,117,25,0,7,0
7019,'1489976',1020,,118,25,0,7,0
7019,'1489977',1100,,917,25,0,7,0
7019,'1489978',1140,,918,25,0,7,0
7019,'1489979',1220,,919,25,0,7,0
7019,'1489980',1300,,920,25,0,7,0
7019,'1489981',1340,,921,25,0,7,0
7019,'1489982',1420,,922,25,0,7,0
7019,'1489983',1500,,119,25,0,7,0
7019,'1489984',1540,,120,25,0,7,0
7019,'1489985',1620,,121,25,0,7,0
7019,'1489986',1700,,122,25,0,7,0
7019,'1489987',1740,,123,25,0,7,0
7019,'1489988',1820,,124,25,0,7,0
7019,'1489989',1900,,923,25,0,7,0
7019,'1489990',1940,,924,25,0,7,0
7019,'1489991',2020,,925,25,0,7,0
7019,'1489992',2100,,926,25,0,7,0
7019,'1489993',2140,,927,25,0,7,0
7019,'1489994',2220,,928,25,0,7,0
7019,'1489995',820,,125,25,0,7,0
7019,'1489996',900,,126,25,0,7,0
7019,'1489997',940,,127,25,0,7,0
7019,'1489998',1020,,128,25,0,7,0
7019,'1489999',1100,,129,25,0,7,0
7019,'1490000',1140,,130,25,0,7,0
7019,'1490001',1220,,131,25,0,7,0
7019,'1490002',1300,,132,25,0,7,0
7019,'1490003',1340,,133,25,0,7,0
7019,'1490004',1420,,134,25,0,7,0
7019,'1490005',1500,,135,25,0,7,0
7019,'1490006',1540,,136,25,0,7,0
7019,'1490007',1620,,137,25,0,7,0
7019,'1490008',1700,,138,25,0,7,0
7019,'1490009',1740,,139,25,0,7,0
7019,'1490010',1820,,140,25,0,7,0
7019,'1490011',1900,,929,25,0,7,0
7019,'1490012',1940,,930,25,0,7,0
7019,'1490013',2020,,931,25,0,7,0
7019,'1490014',2100,,932,25,0,7,0
7019,'1490015',2140,,933,25,0,7,0
7019,'1490016',2220,,934,25,0,7,0
