12019,'1490514',730,,1540,23,0,12 13,0
12019,'1490515',830,,1541,23,0,12 13,0
12019,'1490516',930,,1542,23,0,12 13,0
12019,'1490517',1030,,1543,23,0,12 13,0
12019,'1490518',1130,,1544,23,0,12 13,0
12019,'1490519',1230,,1545,23,0,12 13,0
12019,'1490520',1330,,1546,23,0,12 13,0
12019,'1490521',1430,,1547,23,0,12 13,0
12019,'1490522',1530,,1548,23,0,12 13,0
12019,'1490523',1630,,1549,23,0,12 13,0
12019,'1490524',1730,,1550,23,0,12 13,0
12019,'1490525',1830,,1551,23,0,12 13,0
12019,'1490526',830,,1552,23,0,12 13,0
12019,'1490527',930,,1553,23,0,12 13,0
12019,'1490528',1030,,1554,23,0,12 13,0
12019,'1490529',1130,,1555,23,0,12 13,0
12019,'1490530',1230,,1556,23,0,12 13,0
12019,'1490531',1330,,1557,23,0,12 13,0
12019,'1490532',1430,,1558,23,0,12 13,0
12019,'1490533',1530,,1559,23,0,12 13,0
12019,'1490534',1630,,1560,23,0,12 13,0
12019,'1490535',1730,,1561,23,0,12 13,0
12019,'1490536',1830,,1562,23,0,12 13,0
