7019,'1489971',642,,113,6,0,7,0
7019,'1489972',722,,114,6,0,7,0
7019,'1489973',802,,115,6,0,7,0
7019,'1489974',842,,116,6,0,7,0
7019,'1489975',922,,117,6,0,7,0
7019,'1489976',1002,,118,6,0,7,0
7019,'1489977',1042,,917,6,0,7,0
7019,'1489978',1122,,918,6,0,7,0
7019,'1489979',1202,,919,6,0,7,0
7019,'1489980',1242,,920,6,0,7,0
7019,'1489981',1322,,921,6,0,7,0
7019,'1489982',1402,,922,6,0,7,0
7019,'1489983',1442,,119,6,0,7,0
7019,'1489984',1522,,120,6,0,7,0
7019,'1489985',1602,,121,6,0,7,0
7019,'1489986',1642,,122,6,0,7,0
7019,'1489987',1722,,123,6,0,7,0
7019,'1489988',1802,,124,6,0,7,0
7019,'1489989',1842,,923,6,0,7,0
7019,'1489990',1922,,924,6,0,7,0
7019,'1489991',2002,,925,6,0,7,0
7019,'1489992',2042,,926,6,0,7,0
7019,'1489993',2122,,927,6,0,7,0
7019,'1489994',2202,,928,6,0,7,0
7019,'1489995',802,,125,6,0,7,0
7019,'1489996',842,,126,6,0,7,0
7019,'1489997',922,,127,6,0,7,0
7019,'1489998',1002,,128,6,0,7,0
7019,'1489999',1042,,129,6,0,7,0
7019,'1490000',1122,,130,6,0,7,0
7019,'1490001',1202,,131,6,0,7,0
7019,'1490002',1242,,132,6,0,7,0
7019,'1490003',1322,,133,6,0,7,0
7019,'1490004',1402,,134,6,0,7,0
7019,'1490005',1442,,135,6,0,7,0
7019,'1490006',1522,,136,6,0,7,0
7019,'1490007',1602,,137,6,0,7,0
7019,'1490008',1642,,138,6,0,7,0
7019,'1490009',1722,,139,6,0,7,0
7019,'1490010',1802,,140,6,0,7,0
7019,'1490011',1842,,929,6,0,7,0
7019,'1490012',1922,,930,6,0,7,0
7019,'1490013',2002,,931,6,0,7,0
7019,'1490014',2042,,932,6,0,7,0
7019,'1490015',2122,,933,6,0,7,0
7019,'1490016',2202,,934,6,0,7,0
