19019,'1489098',643,,1214,12,,,0
19019,'1489099',723,,1215,12,,,0
19019,'1489100',803,,1216,12,,,0
19019,'1489101',843,,1217,12,,,0
19019,'1489102',923,,1218,12,,,0
19019,'1489103',1003,,1219,12,,,0
19019,'1489104',1043,,1220,12,,,0
19019,'1489105',1123,,1221,12,,,0
19019,'1489106',1203,,1222,12,,,0
19019,'1489107',1243,,1223,12,,,0
19019,'1489108',1323,,1224,12,,,0
19019,'1489109',1403,,1225,12,,,0
19019,'1489110',1443,,1226,12,,,0
19019,'1489111',1523,,1227,12,,,0
19019,'1489112',1603,,1228,12,,,0
19019,'1489113',1643,,1229,12,,,0
19019,'1489114',1723,,1230,12,,,0
19019,'1489115',1803,,1231,12,,,0
19019,'1489116',703,,1232,12,,,0
19019,'1489117',743,,1233,12,,,0
19019,'1489118',823,,1234,12,,,0
19019,'1489119',903,,1235,12,,,0
19019,'1489120',943,,1236,12,,,0
19019,'1489121',1023,,1237,12,,,0
19019,'1489122',1103,,1238,12,,,0
19019,'1489123',1143,,1239,12,,,0
19019,'1489124',1223,,1240,12,,,0
19019,'1489125',1303,,1241,12,,,0
19019,'1489126',1343,,1242,12,,,0
19019,'1489127',1423,,1243,12,,,0
19019,'1489128',1503,,1244,12,,,0
19019,'1489129',1543,,1245,12,,,0
19019,'1489130',1623,,1246,12,,,0
19019,'1489131',1703,,1247,12,,,0
19019,'1489132',1743,,1248,12,,,0
901019,'1490032',843,,1584,44,0,16 17,0
901019,'1490033',1003,,1585,44,0,16 17,0
901019,'1490034',1123,,1586,44,0,16 17,0
901019,'1490035',1243,,1587,44,0,16 17,0
901019,'1490036',1403,,1588,44,0,16 17,0
901019,'1490037',1523,,1589,44,0,16 17,0
901019,'1490038',1643,,1590,44,0,16 17,0
901019,'1490039',1803,,1591,44,0,16 17,0
901019,'1490040',1923,,1592,44,0,16 17,0
901019,'1490041',2043,,1593,44,0,16 17,0
901019,'1490042',2203,,1594,44,0,16 17,0
901019,'1497384',1923,,1607,44,0,16 17,0
901019,'1497385',2043,,1608,44,0,16 17,0
901019,'1497386',2203,,1609,44,0,16 17,0
902019,'1490054',1843,,1610,12,0,16 17,0
902019,'1490055',2003,,1611,12,0,16 17,0
902019,'1490056',2123,,1612,12,0,16 17,0
902019,'1490057',803,,1613,12,0,16 17,0
902019,'1490058',923,,1614,12,0,16 17,0
902019,'1490059',1043,,1615,12,0,16 17,0
902019,'1490060',1203,,1616,12,0,16 17,0
902019,'1490061',1323,,1617,12,0,16 17,0
902019,'1490062',1443,,1618,12,0,16 17,0
902019,'1490063',1603,,1619,12,0,16 17,0
902019,'1490064',1723,,1620,12,0,16 17,0
902019,'1490065',1843,,1621,12,0,16 17,0
902019,'1490066',2003,,1622,12,0,16 17,0
902019,'1490067',2123,,1623,12,0,16 17,0
30000019,'1496023',833,,1329,11,,,0
30000019,'1496024',933,,1330,11,,,0
30000019,'1496025',1033,,1331,11,,,0
30000019,'1496026',1133,,1332,11,,,0
30000019,'1496027',1233,,1333,11,,,0
30000019,'1496028',1333,,1334,11,,,0
30000019,'1496029',1433,,1335,11,,,0
30000019,'1496030',1533,,1336,11,,,0
30000019,'1496031',1633,,1337,11,,,0
