19019,'1489362',703,,665,24,,,0
19019,'1489363',743,,666,24,,,0
19019,'1489364',823,,667,24,,,0
19019,'1489365',903,,668,24,,,0
19019,'1489366',943,,669,24,,,0
19019,'1489367',1023,,670,24,,,0
19019,'1489368',1103,,671,24,,,0
19019,'1489369',1143,,672,24,,,0
19019,'1489370',1223,,673,24,,,0
19019,'1489371',1303,,674,24,,,0
19019,'1489372',1343,,675,24,,,0
19019,'1489373',1423,,676,24,,,0
19019,'1489374',1503,,677,24,,,0
19019,'1489375',1543,,678,24,,,0
19019,'1489376',1623,,679,24,,,0
19019,'1489377',1703,,680,24,,,0
19019,'1489378',1743,,681,24,,,0
19019,'1489379',1823,,682,24,,,0
19019,'1489380',723,,683,24,,,0
19019,'1489381',803,,684,24,,,0
19019,'1489382',843,,685,24,,,0
19019,'1489383',923,,686,24,,,0
19019,'1489384',1003,,687,24,,,0
19019,'1489385',1043,,688,24,,,0
19019,'1489386',1123,,689,24,,,0
19019,'1489387',1203,,690,24,,,0
19019,'1489388',1243,,691,24,,,0
19019,'1489389',1323,,692,24,,,0
19019,'1489390',1403,,693,24,,,0
19019,'1489391',1443,,694,24,,,0
19019,'1489392',1523,,695,24,,,0
19019,'1489393',1603,,696,24,,,0
19019,'1489394',1643,,697,24,,,0
19019,'1489395',1723,,698,24,,,0
19019,'1489396',1803,,699,24,,,0
