66019,'1489865',826,,1047,19,,,0
66019,'1489866',856,,1048,19,,,0
66019,'1489867',926,,1049,19,,,0
66019,'1489868',956,,1050,19,,,0
66019,'1489869',1026,,1051,19,,,0
66019,'1489870',1056,,1052,19,,,0
66019,'1489871',1126,,1053,19,,,0
66019,'1489872',1156,,1054,19,,,0
66019,'1489873',1226,,1055,19,,,0
66019,'1489874',1256,,1056,19,,,0
66019,'1489875',1326,,1057,19,,,0
66019,'1489876',1356,,1058,19,,,0
66019,'1489877',1426,,1059,19,,,0
66019,'1489878',1456,,1060,19,,,0
66019,'1489879',1526,,1061,19,,,0
66019,'1489880',1556,,1062,19,,,0
66019,'1489881',1626,,1063,19,,,0
66019,'1489882',1656,,1064,19,,,0
66019,'1489883',1726,,1065,19,,,0
