7019,'1489971',706,,113,31,0,7,0
7019,'1489972',746,,114,31,0,7,0
7019,'1489973',826,,115,31,0,7,0
7019,'1489974',906,,116,31,0,7,0
7019,'1489975',946,,117,31,0,7,0
7019,'1489976',1026,,118,31,0,7,0
7019,'1489977',1106,,917,31,0,7,0
7019,'1489978',1146,,918,31,0,7,0
7019,'1489979',1226,,919,31,0,7,0
7019,'1489980',1306,,920,31,0,7,0
7019,'1489981',1346,,921,31,0,7,0
7019,'1489982',1426,,922,31,0,7,0
7019,'1489983',1506,,119,31,0,7,0
7019,'1489984',1546,,120,31,0,7,0
7019,'1489985',1626,,121,31,0,7,0
7019,'1489986',1706,,122,31,0,7,0
7019,'1489987',1746,,123,31,0,7,0
7019,'1489988',1826,,124,31,0,7,0
7019,'1489989',1906,,923,31,0,7,0
7019,'1489990',1946,,924,31,0,7,0
7019,'1489991',2026,,925,31,0,7,0
7019,'1489992',2106,,926,31,0,7,0
7019,'1489993',2146,,927,31,0,7,0
7019,'1489994',2226,,928,31,0,7,0
7019,'1489995',826,,125,31,0,7,0
7019,'1489996',906,,126,31,0,7,0
7019,'1489997',946,,127,31,0,7,0
7019,'1489998',1026,,128,31,0,7,0
7019,'1489999',1106,,129,31,0,7,0
7019,'1490000',1146,,130,31,0,7,0
7019,'1490001',1226,,131,31,0,7,0
7019,'1490002',1306,,132,31,0,7,0
7019,'1490003',1346,,133,31,0,7,0
7019,'1490004',1426,,134,31,0,7,0
7019,'1490005',1506,,135,31,0,7,0
7019,'1490006',1546,,136,31,0,7,0
7019,'1490007',1626,,137,31,0,7,0
7019,'1490008',1706,,138,31,0,7,0
7019,'1490009',1746,,139,31,0,7,0
7019,'1490010',1826,,140,31,0,7,0
7019,'1490011',1906,,929,31,0,7,0
7019,'1490012',1946,,930,31,0,7,0
7019,'1490013',2026,,931,31,0,7,0
7019,'1490014',2106,,932,31,0,7,0
7019,'1490015',2146,,933,31,0,7,0
7019,'1490016',2226,,934,31,0,7,0
