15019,'1492887',1835,,1660,5,,,0
15019,'1492888',1935,,1661,5,,,0
15019,'1492889',2035,,1662,5,,,0
15019,'1492890',2135,,1663,5,,,0
15019,'1495961',635,,1664,5,,,0
15019,'1495962',735,,1665,5,,,0
15019,'1495963',835,,1666,5,,,0
15019,'1495964',935,,1667,5,,,0
15019,'1495965',1035,,1668,5,,,0
15019,'1495966',1135,,1669,5,,,0
15019,'1495967',1235,,1670,5,,,0
15019,'1495968',1335,,1671,5,,,0
15019,'1495969',1435,,1672,5,,,0
15019,'1495970',1535,,1673,5,,,0
15019,'1495971',1635,,1674,5,,,0
15019,'1495972',1735,,1675,5,,,0
15019,'1497631',636,,1676,5,,,0
15019,'1497632',736,,1677,5,,,0
15019,'1497633',836,,1678,5,,,0
15019,'1497634',936,,1679,5,,,0
15019,'1497635',1036,,1680,5,,,0
15019,'1497636',1136,,1681,5,,,0
15019,'1497637',1236,,1682,5,,,0
15019,'1497638',1336,,1683,5,,,0
15019,'1497639',1436,,1684,5,,,0
15019,'1497640',1536,,1685,5,,,0
15019,'1497641',1636,,1686,5,,,0
15019,'1497642',1736,,1687,5,,,0
15019,'1497643',1836,,1688,5,,,0
15019,'1497644',1936,,1689,5,,,0
15019,'1497645',2036,,1690,5,,,0
15019,'1497646',2136,,1691,5,,,0
15019,'1497647',836,,1692,5,,,0
15019,'1497648',936,,1693,5,,,0
15019,'1497649',1036,,1694,5,,,0
15019,'1497650',1136,,1695,5,,,0
15019,'1497651',1236,,1696,5,,,0
15019,'1497652',1336,,1697,5,,,0
15019,'1497653',1436,,1698,5,,,0
15019,'1497654',1536,,1699,5,,,0
15019,'1497655',1636,,1700,5,,,0
15019,'1497656',1736,,1701,5,,,0
15019,'1497657',1836,,1702,5,,,0
15019,'1497658',1936,,1703,5,,,0
15019,'1497659',2036,,1704,5,,,0
15019,'1497660',2136,,1705,5,,,0
