7019,'1489971',657,,113,23,0,7,0
7019,'1489972',737,,114,23,0,7,0
7019,'1489973',817,,115,23,0,7,0
7019,'1489974',857,,116,23,0,7,0
7019,'1489975',937,,117,23,0,7,0
7019,'1489976',1017,,118,23,0,7,0
7019,'1489977',1057,,917,23,0,7,0
7019,'1489978',1137,,918,23,0,7,0
7019,'1489979',1217,,919,23,0,7,0
7019,'1489980',1257,,920,23,0,7,0
7019,'1489981',1337,,921,23,0,7,0
7019,'1489982',1417,,922,23,0,7,0
7019,'1489983',1457,,119,23,0,7,0
7019,'1489984',1537,,120,23,0,7,0
7019,'1489985',1617,,121,23,0,7,0
7019,'1489986',1657,,122,23,0,7,0
7019,'1489987',1737,,123,23,0,7,0
7019,'1489988',1817,,124,23,0,7,0
7019,'1489989',1857,,923,23,0,7,0
7019,'1489990',1937,,924,23,0,7,0
7019,'1489991',2017,,925,23,0,7,0
7019,'1489992',2057,,926,23,0,7,0
7019,'1489993',2137,,927,23,0,7,0
7019,'1489994',2217,,928,23,0,7,0
7019,'1489995',817,,125,23,0,7,0
7019,'1489996',857,,126,23,0,7,0
7019,'1489997',937,,127,23,0,7,0
7019,'1489998',1017,,128,23,0,7,0
7019,'1489999',1057,,129,23,0,7,0
7019,'1490000',1137,,130,23,0,7,0
7019,'1490001',1217,,131,23,0,7,0
7019,'1490002',1257,,132,23,0,7,0
7019,'1490003',1337,,133,23,0,7,0
7019,'1490004',1417,,134,23,0,7,0
7019,'1490005',1457,,135,23,0,7,0
7019,'1490006',1537,,136,23,0,7,0
7019,'1490007',1617,,137,23,0,7,0
7019,'1490008',1657,,138,23,0,7,0
7019,'1490009',1737,,139,23,0,7,0
7019,'1490010',1817,,140,23,0,7,0
7019,'1490011',1857,,929,23,0,7,0
7019,'1490012',1937,,930,23,0,7,0
7019,'1490013',2017,,931,23,0,7,0
7019,'1490014',2057,,932,23,0,7,0
7019,'1490015',2137,,933,23,0,7,0
7019,'1490016',2217,,934,23,0,7,0
