7019,'1489971',656,,113,21,0,7,0
7019,'1489972',736,,114,21,0,7,0
7019,'1489973',816,,115,21,0,7,0
7019,'1489974',856,,116,21,0,7,0
7019,'1489975',936,,117,21,0,7,0
7019,'1489976',1016,,118,21,0,7,0
7019,'1489977',1056,,917,21,0,7,0
7019,'1489978',1136,,918,21,0,7,0
7019,'1489979',1216,,919,21,0,7,0
7019,'1489980',1256,,920,21,0,7,0
7019,'1489981',1336,,921,21,0,7,0
7019,'1489982',1416,,922,21,0,7,0
7019,'1489983',1456,,119,21,0,7,0
7019,'1489984',1536,,120,21,0,7,0
7019,'1489985',1616,,121,21,0,7,0
7019,'1489986',1656,,122,21,0,7,0
7019,'1489987',1736,,123,21,0,7,0
7019,'1489988',1816,,124,21,0,7,0
7019,'1489989',1856,,923,21,0,7,0
7019,'1489990',1936,,924,21,0,7,0
7019,'1489991',2016,,925,21,0,7,0
7019,'1489992',2056,,926,21,0,7,0
7019,'1489993',2136,,927,21,0,7,0
7019,'1489994',2216,,928,21,0,7,0
7019,'1489995',816,,125,21,0,7,0
7019,'1489996',856,,126,21,0,7,0
7019,'1489997',936,,127,21,0,7,0
7019,'1489998',1016,,128,21,0,7,0
7019,'1489999',1056,,129,21,0,7,0
7019,'1490000',1136,,130,21,0,7,0
7019,'1490001',1216,,131,21,0,7,0
7019,'1490002',1256,,132,21,0,7,0
7019,'1490003',1336,,133,21,0,7,0
7019,'1490004',1416,,134,21,0,7,0
7019,'1490005',1456,,135,21,0,7,0
7019,'1490006',1536,,136,21,0,7,0
7019,'1490007',1616,,137,21,0,7,0
7019,'1490008',1656,,138,21,0,7,0
7019,'1490009',1736,,139,21,0,7,0
7019,'1490010',1816,,140,21,0,7,0
7019,'1490011',1856,,929,21,0,7,0
7019,'1490012',1936,,930,21,0,7,0
7019,'1490013',2016,,931,21,0,7,0
7019,'1490014',2056,,932,21,0,7,0
7019,'1490015',2136,,933,21,0,7,0
7019,'1490016',2216,,934,21,0,7,0
