1019,'1481753',622,,1,1,0,6,0
1019,'1481754',742,,2,1,0,6,0
1019,'1482680',825,,3,31,0,11,0
1019,'1482681',905,,4,31,0,11,0
1019,'1482682',945,,5,31,0,11,0
1019,'1482683',1025,,6,31,0,11,0
1019,'1482684',1105,,7,31,0,11,0
1019,'1482685',1145,,8,31,0,11,0
1019,'1482686',1225,,9,31,0,11,0
1019,'1482687',1305,,10,31,0,11,0
1019,'1482688',1345,,11,31,0,11,0
1019,'1482689',1425,,12,31,0,11,0
1019,'1482690',1505,,13,31,0,11,0
1019,'1482691',1545,,14,31,0,11,0
1019,'1482692',1625,,15,31,0,11,0
1019,'1482693',1705,,16,31,0,11,0
1019,'1482694',1745,,17,31,0,11,0
1019,'1482695',1825,,18,31,0,11,0
1019,'1482696',1905,,19,31,0,11,0
1019,'1482697',1945,,20,31,0,11,0
1019,'1482698',2025,,21,31,0,11,0
1019,'1482699',2105,,22,31,0,11,0
1019,'1482700',2145,,23,31,0,11,0
1019,'1482701',2225,,24,31,0,11,0
1019,'1485865',703,,26,34,0,11,0
1019,'1485866',743,,27,34,0,11,0
1019,'1485867',823,,28,34,0,11,0
1019,'1485868',903,,29,34,0,11,0
1019,'1485869',943,,30,34,0,11,0
1019,'1485870',1023,,31,34,0,11,0
1019,'1485871',1103,,32,34,0,11,0
1019,'1485872',1143,,33,34,0,11,0
1019,'1485873',1223,,34,34,0,11,0
1019,'1485874',1303,,35,34,0,11,0
1019,'1485875',1343,,36,34,0,11,0
1019,'1485876',1423,,37,34,0,11,0
1019,'1485877',1503,,38,34,0,11,0
1019,'1485878',1543,,39,34,0,11,0
1019,'1485879',1623,,40,34,0,11,0
1019,'1485880',1703,,41,34,0,11,0
1019,'1485881',1743,,42,34,0,11,0
1019,'1485882',1823,,43,34,0,11,0
1019,'1485883',823,,869,34,0,11,0
1019,'1485884',903,,870,34,0,11,0
1019,'1485885',943,,871,34,0,11,0
1019,'1485886',1023,,872,34,0,11,0
1019,'1485887',1103,,873,34,0,11,0
1019,'1485888',1143,,874,34,0,11,0
1019,'1485889',1223,,875,34,0,11,0
1019,'1485890',1303,,876,34,0,11,0
1019,'1485891',1343,,877,34,0,11,0
1019,'1485892',1423,,878,34,0,11,0
1019,'1485893',1503,,879,34,0,11,0
1019,'1485894',1543,,880,34,0,11,0
1019,'1485895',1623,,881,34,0,11,0
1019,'1485896',1703,,882,34,0,11,0
1019,'1485897',1743,,883,34,0,11,0
1019,'1485898',1823,,884,34,0,11,0
93019,'1487148',702,,1074,1,,,0
901019,'1480871',623,,454,1,0,6,0
901019,'1480872',743,,455,1,0,6,0
902019,'1488258',643,,501,1,0,6,0
902019,'1488259',743,,502,1,0,6,0
