14019,'1494878',700,,793,25,,,0
14019,'1494879',740,,794,25,,,0
14019,'1494880',820,,795,25,,,0
14019,'1494881',900,,796,25,,,0
14019,'1494882',940,,797,25,,,0
14019,'1494883',1020,,798,25,,,0
14019,'1494884',1100,,799,25,,,0
14019,'1494885',1140,,800,25,,,0
14019,'1494886',1220,,801,25,,,0
14019,'1494887',1300,,802,25,,,0
14019,'1494888',1340,,803,25,,,0
14019,'1494889',1420,,804,25,,,0
14019,'1494890',1500,,805,25,,,0
14019,'1494891',1540,,806,25,,,0
14019,'1494892',1620,,807,25,,,0
14019,'1494893',1700,,808,25,,,0
14019,'1494894',1740,,809,25,,,0
14019,'1494895',1820,,810,25,,,0
14019,'1494896',1900,,811,25,,,0
14019,'1494897',1940,,812,25,,,0
14019,'1494898',2020,,813,25,,,0
14019,'1494899',2100,,814,25,,,0
14019,'1494900',2140,,815,25,,,0
14019,'1494901',2220,,816,25,,,0
14019,'1494902',820,,817,25,,,0
14019,'1494903',900,,818,25,,,0
14019,'1494904',940,,819,25,,,0
14019,'1494905',1020,,820,25,,,0
14019,'1494906',1100,,821,25,,,0
14019,'1494907',1140,,822,25,,,0
14019,'1494908',1220,,823,25,,,0
14019,'1494909',1300,,824,25,,,0
14019,'1494910',1340,,825,25,,,0
14019,'1494911',1420,,826,25,,,0
14019,'1494912',1500,,827,25,,,0
14019,'1494913',1540,,828,25,,,0
14019,'1494914',1620,,829,25,,,0
14019,'1494915',1700,,830,25,,,0
14019,'1494916',1740,,831,25,,,0
14019,'1494917',1820,,832,25,,,0
14019,'1494918',1900,,833,25,,,0
14019,'1494919',1940,,834,25,,,0
14019,'1494920',2020,,835,25,,,0
14019,'1494921',2100,,836,25,,,0
14019,'1494922',2140,,837,25,,,0
14019,'1494923',2220,,838,25,,,0
15019,'1492887',1917,,1660,52,,,0
15019,'1492888',2017,,1661,52,,,0
15019,'1492889',2117,,1662,52,,,0
15019,'1492890',2217,,1663,52,,,0
15019,'1495961',717,,1664,52,,,0
15019,'1495962',817,,1665,52,,,0
15019,'1495963',917,,1666,52,,,0
15019,'1495964',1017,,1667,52,,,0
15019,'1495965',1117,,1668,52,,,0
15019,'1495966',1217,,1669,52,,,0
15019,'1495967',1317,,1670,52,,,0
15019,'1495968',1417,,1671,52,,,0
15019,'1495969',1517,,1672,52,,,0
15019,'1495970',1617,,1673,52,,,0
15019,'1495971',1717,,1674,52,,,0
15019,'1495972',1817,,1675,52,,,0
15019,'1497631',717,,1676,52,,,0
15019,'1497632',817,,1677,52,,,0
15019,'1497633',917,,1678,52,,,0
15019,'1497634',1017,,1679,52,,,0
15019,'1497635',1117,,1680,52,,,0
15019,'1497636',1217,,1681,52,,,0
15019,'1497637',1317,,1682,52,,,0
15019,'1497638',1417,,1683,52,,,0
15019,'1497639',1517,,1684,52,,,0
15019,'1497640',1617,,1685,52,,,0
15019,'1497641',1717,,1686,52,,,0
15019,'1497642',1817,,1687,52,,,0
15019,'1497643',1917,,1688,52,,,0
15019,'1497644',2017,,1689,52,,,0
15019,'1497645',2117,,1690,52,,,0
15019,'1497646',2217,,1691,52,,,0
15019,'1497647',917,,1692,52,,,0
15019,'1497648',1017,,1693,52,,,0
15019,'1497649',1117,,1694,52,,,0
15019,'1497650',1217,,1695,52,,,0
15019,'1497651',1317,,1696,52,,,0
15019,'1497652',1417,,1697,52,,,0
15019,'1497653',1517,,1698,52,,,0
15019,'1497654',1617,,1699,52,,,0
15019,'1497655',1717,,1700,52,,,0
15019,'1497656',1817,,1701,52,,,0
15019,'1497657',1917,,1702,52,,,0
15019,'1497658',2017,,1703,52,,,0
15019,'1497659',2117,,1704,52,,,0
15019,'1497660',2217,,1705,52,,,0
