15019,'1492887',1924,,1660,55,,,0
15019,'1492888',2024,,1661,55,,,0
15019,'1492889',2124,,1662,55,,,0
15019,'1492890',2224,,1663,55,,,0
15019,'1495961',724,,1664,55,,,0
15019,'1495962',824,,1665,55,,,0
15019,'1495963',924,,1666,55,,,0
15019,'1495964',1024,,1667,55,,,0
15019,'1495965',1124,,1668,55,,,0
15019,'1495966',1224,,1669,55,,,0
15019,'1495967',1324,,1670,55,,,0
15019,'1495968',1424,,1671,55,,,0
15019,'1495969',1524,,1672,55,,,0
15019,'1495970',1624,,1673,55,,,0
15019,'1495971',1724,,1674,55,,,0
15019,'1495972',1824,,1675,55,,,0
15019,'1497631',724,,1676,55,,,0
15019,'1497632',824,,1677,55,,,0
15019,'1497633',924,,1678,55,,,0
15019,'1497634',1024,,1679,55,,,0
15019,'1497635',1124,,1680,55,,,0
15019,'1497636',1224,,1681,55,,,0
15019,'1497637',1324,,1682,55,,,0
15019,'1497638',1424,,1683,55,,,0
15019,'1497639',1524,,1684,55,,,0
15019,'1497640',1624,,1685,55,,,0
15019,'1497641',1724,,1686,55,,,0
15019,'1497642',1824,,1687,55,,,0
15019,'1497643',1924,,1688,55,,,0
15019,'1497644',2024,,1689,55,,,0
15019,'1497645',2124,,1690,55,,,0
15019,'1497646',2224,,1691,55,,,0
15019,'1497647',924,,1692,55,,,0
15019,'1497648',1024,,1693,55,,,0
15019,'1497649',1124,,1694,55,,,0
15019,'1497650',1224,,1695,55,,,0
15019,'1497651',1324,,1696,55,,,0
15019,'1497652',1424,,1697,55,,,0
15019,'1497653',1524,,1698,55,,,0
15019,'1497654',1624,,1699,55,,,0
15019,'1497655',1724,,1700,55,,,0
15019,'1497656',1824,,1701,55,,,0
15019,'1497657',1924,,1702,55,,,0
15019,'1497658',2024,,1703,55,,,0
15019,'1497659',2124,,1704,55,,,0
15019,'1497660',2224,,1705,55,,,0
19019,'1489098',704,,1214,26,,,0
19019,'1489099',744,,1215,26,,,0
19019,'1489100',824,,1216,26,,,0
19019,'1489101',904,,1217,26,,,0
19019,'1489102',944,,1218,26,,,0
19019,'1489103',1024,,1219,26,,,0
19019,'1489104',1104,,1220,26,,,0
19019,'1489105',1144,,1221,26,,,0
19019,'1489106',1224,,1222,26,,,0
19019,'1489107',1304,,1223,26,,,0
19019,'1489108',1344,,1224,26,,,0
19019,'1489109',1424,,1225,26,,,0
19019,'1489110',1504,,1226,26,,,0
19019,'1489111',1544,,1227,26,,,0
19019,'1489112',1624,,1228,26,,,0
19019,'1489113',1704,,1229,26,,,0
19019,'1489114',1744,,1230,26,,,0
19019,'1489115',1824,,1231,26,,,0
19019,'1489116',724,,1232,26,,,0
19019,'1489117',804,,1233,26,,,0
19019,'1489118',844,,1234,26,,,0
19019,'1489119',924,,1235,26,,,0
19019,'1489120',1004,,1236,26,,,0
19019,'1489121',1044,,1237,26,,,0
19019,'1489122',1124,,1238,26,,,0
19019,'1489123',1204,,1239,26,,,0
19019,'1489124',1244,,1240,26,,,0
19019,'1489125',1324,,1241,26,,,0
19019,'1489126',1404,,1242,26,,,0
19019,'1489127',1444,,1243,26,,,0
19019,'1489128',1524,,1244,26,,,0
19019,'1489129',1604,,1245,26,,,0
19019,'1489130',1644,,1246,26,,,0
19019,'1489131',1724,,1247,26,,,0
19019,'1489132',1804,,1248,26,,,0
20019,'1497182',705,,1459,31,,,0
20019,'1497183',745,,1460,31,,,0
20019,'1497184',825,,1461,31,,,0
20019,'1497185',905,,1462,31,,,0
20019,'1497186',945,,1463,31,,,0
20019,'1497187',1025,,1464,31,,,0
20019,'1497188',1105,,1465,31,,,0
20019,'1497189',1145,,1466,31,,,0
20019,'1497190',1225,,1467,31,,,0
20019,'1497191',1305,,1468,31,,,0
20019,'1497192',1345,,1469,31,,,0
20019,'1497193',1425,,1470,31,,,0
20019,'1497194',1505,,1471,31,,,0
20019,'1497195',1545,,1472,31,,,0
20019,'1497196',1625,,1473,31,,,0
20019,'1497197',1705,,1474,31,,,0
20019,'1497198',1745,,1475,31,,,0
20019,'1497199',1825,,1476,31,,,0
20019,'1497200',1905,,1477,31,,,0
20019,'1497201',1945,,1478,31,,,0
20019,'1497202',2025,,1479,31,,,0
20019,'1497203',2105,,1480,31,,,0
20019,'1497204',2145,,1481,31,,,0
20019,'1497205',2225,,1482,31,,,0
20019,'1497206',825,,1483,31,,,0
20019,'1497207',905,,1484,31,,,0
20019,'1497208',945,,1485,31,,,0
20019,'1497209',1025,,1486,31,,,0
20019,'1497210',1105,,1487,31,,,0
20019,'1497211',1145,,1488,31,,,0
20019,'1497212',1225,,1489,31,,,0
20019,'1497213',1305,,1490,31,,,0
20019,'1497214',1345,,1491,31,,,0
20019,'1497215',1425,,1492,31,,,0
20019,'1497216',1505,,1493,31,,,0
20019,'1497217',1545,,1494,31,,,0
20019,'1497218',1625,,1495,31,,,0
20019,'1497219',1705,,1496,31,,,0
20019,'1497220',1745,,1497,31,,,0
20019,'1497221',1825,,1498,31,,,0
20019,'1497222',1905,,1499,31,,,0
20019,'1497223',1945,,1500,31,,,0
20019,'1497224',2025,,1501,31,,,0
20019,'1497225',2105,,1502,31,,,0
20019,'1497226',2145,,1503,31,,,0
20019,'1497227',2225,,1504,31,,,0
901019,'1480871',627,,454,9,0,6,0
901019,'1480872',747,,455,9,0,6,0
