7019,'1482898',634,,111,9,0,8,0
7019,'1482899',754,,112,9,0,8,0
12019,'1482623',704,,170,9,0,8,0
12019,'1482624',804,,171,9,0,8,0
16019,'1497350',804,,1563,20,0,9 10,0
16019,'1497351',904,,1564,20,0,9 10,0
16019,'1497352',1004,,1565,20,0,9 10,0
16019,'1497353',1104,,1566,20,0,9 10,0
16019,'1497354',1204,,1567,20,0,9 10,0
16019,'1497355',1304,,1568,20,0,9 10,0
16019,'1497356',1404,,1569,20,0,9 10,0
16019,'1497357',1504,,1570,20,0,9 10,0
16019,'1497358',1604,,1571,20,0,9 10,0
16019,'1497359',1704,,1572,20,0,9 10,0
16019,'1497360',1804,,1573,20,0,9 10,0
16019,'1497361',904,,1574,20,0,9 10,0
16019,'1497362',1004,,1575,20,0,9 10,0
16019,'1497363',1104,,1576,20,0,9 10,0
16019,'1497364',1204,,1577,20,0,9 10,0
16019,'1497365',1304,,1578,20,0,9 10,0
16019,'1497366',1404,,1579,20,0,9 10,0
16019,'1497367',1504,,1580,20,0,9 10,0
16019,'1497368',1604,,1581,20,0,9 10,0
16019,'1497369',1704,,1582,20,0,9 10,0
16019,'1497370',1804,,1583,20,0,9 10,0
