15019,'1492887',1851,,1660,25,,,0
15019,'1492888',1951,,1661,25,,,0
15019,'1492889',2051,,1662,25,,,0
15019,'1492890',2151,,1663,25,,,0
15019,'1495961',651,,1664,25,,,0
15019,'1495962',751,,1665,25,,,0
15019,'1495963',851,,1666,25,,,0
15019,'1495964',951,,1667,25,,,0
15019,'1495965',1051,,1668,25,,,0
15019,'1495966',1151,,1669,25,,,0
15019,'1495967',1251,,1670,25,,,0
15019,'1495968',1351,,1671,25,,,0
15019,'1495969',1451,,1672,25,,,0
15019,'1495970',1551,,1673,25,,,0
15019,'1495971',1651,,1674,25,,,0
15019,'1495972',1751,,1675,25,,,0
15019,'1497631',651,,1676,25,,,0
15019,'1497632',751,,1677,25,,,0
15019,'1497633',851,,1678,25,,,0
15019,'1497634',951,,1679,25,,,0
15019,'1497635',1051,,1680,25,,,0
15019,'1497636',1151,,1681,25,,,0
15019,'1497637',1251,,1682,25,,,0
15019,'1497638',1351,,1683,25,,,0
15019,'1497639',1451,,1684,25,,,0
15019,'1497640',1551,,1685,25,,,0
15019,'1497641',1651,,1686,25,,,0
15019,'1497642',1751,,1687,25,,,0
15019,'1497643',1851,,1688,25,,,0
15019,'1497644',1951,,1689,25,,,0
15019,'1497645',2051,,1690,25,,,0
15019,'1497646',2151,,1691,25,,,0
15019,'1497647',851,,1692,25,,,0
15019,'1497648',951,,1693,25,,,0
15019,'1497649',1051,,1694,25,,,0
15019,'1497650',1151,,1695,25,,,0
15019,'1497651',1251,,1696,25,,,0
15019,'1497652',1351,,1697,25,,,0
15019,'1497653',1451,,1698,25,,,0
15019,'1497654',1551,,1699,25,,,0
15019,'1497655',1651,,1700,25,,,0
15019,'1497656',1751,,1701,25,,,0
15019,'1497657',1851,,1702,25,,,0
15019,'1497658',1951,,1703,25,,,0
15019,'1497659',2051,,1704,25,,,0
15019,'1497660',2151,,1705,25,,,0
