93019,'1496012',733,,1295,20,,,0
93019,'1496013',833,,1296,20,,,0
93019,'1496014',933,,1297,20,,,0
93019,'1496015',1033,,1298,20,,,0
93019,'1496016',1133,,1299,20,,,0
93019,'1496017',1233,,1300,20,,,0
93019,'1496018',1333,,1301,20,,,0
93019,'1496019',1433,,1302,20,,,0
93019,'1496020',1533,,1303,20,,,0
93019,'1496021',1633,,1304,20,,,0
93019,'1496022',1733,,1305,20,,,0
901019,'1490032',813,,1584,20,0,6,0
901019,'1490033',933,,1585,20,0,6,0
901019,'1490034',1053,,1586,20,0,6,0
901019,'1490035',1213,,1587,20,0,6,0
901019,'1490036',1333,,1588,20,0,6,0
901019,'1490037',1453,,1589,20,0,6,0
901019,'1490038',1613,,1590,20,0,6,0
901019,'1490039',1733,,1591,20,0,6,0
901019,'1490040',1853,,1592,20,0,6,0
901019,'1490041',2013,,1593,20,0,6,0
901019,'1490042',2133,,1594,20,0,6,0
901019,'1497372',653,,1595,20,0,6,0
901019,'1497373',753,,1596,20,0,6,0
901019,'1497374',853,,1597,20,0,6,0
901019,'1497375',953,,1598,20,0,6,0
901019,'1497376',1053,,1599,20,0,6,0
901019,'1497377',1153,,1600,20,0,6,0
901019,'1497378',1253,,1601,20,0,6,0
901019,'1497379',1353,,1602,20,0,6,0
901019,'1497380',1453,,1603,20,0,6,0
901019,'1497381',1553,,1604,20,0,6,0
901019,'1497382',1653,,1605,20,0,6,0
901019,'1497383',1753,,1606,20,0,6,0
901019,'1497384',1853,,1607,20,0,6,0
901019,'1497385',2013,,1608,20,0,6,0
901019,'1497386',2133,,1609,20,0,6,0
902019,'1490054',1933,,1610,46,0,6,0
902019,'1490055',2053,,1611,46,0,6,0
902019,'1490056',2213,,1612,46,0,6,0
902019,'1490057',853,,1613,46,0,6,0
902019,'1490058',1013,,1614,46,0,6,0
902019,'1490059',1133,,1615,46,0,6,0
902019,'1490060',1253,,1616,46,0,6,0
902019,'1490061',1413,,1617,46,0,6,0
902019,'1490062',1533,,1618,46,0,6,0
902019,'1490063',1653,,1619,46,0,6,0
902019,'1490064',1813,,1620,46,0,6,0
902019,'1490065',1933,,1621,46,0,6,0
902019,'1490066',2053,,1622,46,0,6,0
902019,'1490067',2213,,1623,46,0,6,0
902019,'1490068',1813,,1624,20,0,6,0
902019,'1497387',713,,1625,20,0,6,0
902019,'1497388',813,,1626,20,0,6,0
902019,'1497389',913,,1627,20,0,6,0
902019,'1497390',1013,,1628,20,0,6,0
902019,'1497391',1113,,1629,20,0,6,0
902019,'1497392',1213,,1630,20,0,6,0
902019,'1497393',1313,,1631,20,0,6,0
902019,'1497394',1413,,1632,20,0,6,0
902019,'1497395',1513,,1633,20,0,6,0
902019,'1497396',1613,,1634,20,0,6,0
902019,'1497397',1713,,1635,20,0,6,0
