1019,'1482680',805,,3,14,0,18,0
1019,'1482681',845,,4,14,0,18,0
1019,'1482682',925,,5,14,0,18,0
1019,'1482683',1005,,6,14,0,18,0
1019,'1482684',1045,,7,14,0,18,0
1019,'1482685',1125,,8,14,0,18,0
1019,'1482686',1205,,9,14,0,18,0
1019,'1482687',1245,,10,14,0,18,0
1019,'1482688',1325,,11,14,0,18,0
1019,'1482689',1405,,12,14,0,18,0
1019,'1482690',1445,,13,14,0,18,0
1019,'1482691',1525,,14,14,0,18,0
1019,'1482692',1605,,15,14,0,18,0
1019,'1482693',1645,,16,14,0,18,0
1019,'1482694',1725,,17,14,0,18,0
1019,'1482695',1805,,18,14,0,18,0
1019,'1482696',1845,,19,14,0,18,0
1019,'1482697',1925,,20,14,0,18,0
1019,'1482698',2005,,21,14,0,18,0
1019,'1482699',2045,,22,14,0,18,0
1019,'1482700',2125,,23,14,0,18,0
1019,'1482701',2205,,24,14,0,18,0
1019,'1485865',645,,26,17,0,11,0
1019,'1485866',725,,27,17,0,11,0
1019,'1485867',805,,28,17,0,11,0
1019,'1485868',845,,29,17,0,11,0
1019,'1485869',925,,30,17,0,11,0
1019,'1485870',1005,,31,17,0,11,0
1019,'1485871',1045,,32,17,0,11,0
1019,'1485872',1125,,33,17,0,11,0
1019,'1485873',1205,,34,17,0,11,0
1019,'1485874',1245,,35,17,0,11,0
1019,'1485875',1325,,36,17,0,11,0
1019,'1485876',1405,,37,17,0,11,0
1019,'1485877',1445,,38,17,0,11,0
1019,'1485878',1525,,39,17,0,11,0
1019,'1485879',1605,,40,17,0,11,0
1019,'1485880',1645,,41,17,0,11,0
1019,'1485881',1725,,42,17,0,11,0
1019,'1485882',1805,,43,17,0,11,0
1019,'1485883',805,,869,17,0,11,0
1019,'1485884',845,,870,17,0,11,0
1019,'1485885',925,,871,17,0,11,0
1019,'1485886',1005,,872,17,0,11,0
1019,'1485887',1045,,873,17,0,11,0
1019,'1485888',1125,,874,17,0,11,0
1019,'1485889',1205,,875,17,0,11,0
1019,'1485890',1245,,876,17,0,11,0
1019,'1485891',1325,,877,17,0,11,0
1019,'1485892',1405,,878,17,0,11,0
1019,'1485893',1445,,879,17,0,11,0
1019,'1485894',1525,,880,17,0,11,0
1019,'1485895',1605,,881,17,0,11,0
1019,'1485896',1645,,882,17,0,11,0
1019,'1485897',1725,,883,17,0,11,0
1019,'1485898',1805,,884,17,0,11,0
3019,'1486792',827,,902,40,,,0
3019,'1486793',907,,903,40,,,0
3019,'1486794',947,,904,40,,,0
3019,'1486795',1027,,905,40,,,0
3019,'1486796',1107,,906,40,,,0
3019,'1486797',1147,,907,40,,,0
3019,'1486798',1227,,908,40,,,0
3019,'1486799',1307,,909,40,,,0
3019,'1486800',1347,,910,40,,,0
3019,'1486801',1427,,911,40,,,0
3019,'1486802',1507,,912,40,,,0
3019,'1486803',1547,,913,40,,,0
3019,'1486804',1627,,914,40,,,0
3019,'1486805',1707,,915,40,,,0
3019,'1494946',736,,916,12,,,0
10019,'1483448',644,,161,12,0,5,0
10019,'1483449',1524,,162,12,0,5,0
10019,'1486951',707,,163,18,,,0
10019,'1486952',727,,164,18,,,0
10019,'1486953',747,,165,18,,,0
10019,'1486954',1547,,166,18,,,0
10019,'1486955',1607,,167,18,,,0
10019,'1486956',1627,,168,18,,,0
10019,'1486957',1647,,169,18,,,0
