19019,'1489098',638,,1214,8,,,0
19019,'1489099',718,,1215,8,,,0
19019,'1489100',758,,1216,8,,,0
19019,'1489101',838,,1217,8,,,0
19019,'1489102',918,,1218,8,,,0
19019,'1489103',958,,1219,8,,,0
19019,'1489104',1038,,1220,8,,,0
19019,'1489105',1118,,1221,8,,,0
19019,'1489106',1158,,1222,8,,,0
19019,'1489107',1238,,1223,8,,,0
19019,'1489108',1318,,1224,8,,,0
19019,'1489109',1358,,1225,8,,,0
19019,'1489110',1438,,1226,8,,,0
19019,'1489111',1518,,1227,8,,,0
19019,'1489112',1558,,1228,8,,,0
19019,'1489113',1638,,1229,8,,,0
19019,'1489114',1718,,1230,8,,,0
19019,'1489115',1758,,1231,8,,,0
19019,'1489116',658,,1232,8,,,0
19019,'1489117',738,,1233,8,,,0
19019,'1489118',818,,1234,8,,,0
19019,'1489119',858,,1235,8,,,0
19019,'1489120',938,,1236,8,,,0
19019,'1489121',1018,,1237,8,,,0
19019,'1489122',1058,,1238,8,,,0
19019,'1489123',1138,,1239,8,,,0
19019,'1489124',1218,,1240,8,,,0
19019,'1489125',1258,,1241,8,,,0
19019,'1489126',1338,,1242,8,,,0
19019,'1489127',1418,,1243,8,,,0
19019,'1489128',1458,,1244,8,,,0
19019,'1489129',1538,,1245,8,,,0
19019,'1489130',1618,,1246,8,,,0
19019,'1489131',1658,,1247,8,,,0
19019,'1489132',1738,,1248,8,,,0
66019,'1489865',810,,1047,9,,,0
66019,'1489866',840,,1048,9,,,0
66019,'1489867',910,,1049,9,,,0
66019,'1489868',940,,1050,9,,,0
66019,'1489869',1010,,1051,9,,,0
66019,'1489870',1040,,1052,9,,,0
66019,'1489871',1110,,1053,9,,,0
66019,'1489872',1140,,1054,9,,,0
66019,'1489873',1210,,1055,9,,,0
66019,'1489874',1240,,1056,9,,,0
66019,'1489875',1310,,1057,9,,,0
66019,'1489876',1340,,1058,9,,,0
66019,'1489877',1410,,1059,9,,,0
66019,'1489878',1440,,1060,9,,,0
66019,'1489879',1510,,1061,9,,,0
66019,'1489880',1540,,1062,9,,,0
66019,'1489881',1610,,1063,9,,,0
66019,'1489882',1640,,1064,9,,,0
66019,'1489883',1710,,1065,9,,,0
901019,'1480871',626,,454,6,0,6,0
901019,'1480872',746,,455,6,0,6,0
901019,'1490032',838,,1584,40,0,16 17,0
901019,'1490033',958,,1585,40,0,16 17,0
901019,'1490034',1118,,1586,40,0,16 17,0
901019,'1490035',1238,,1587,40,0,16 17,0
901019,'1490036',1358,,1588,40,0,16 17,0
901019,'1490037',1518,,1589,40,0,16 17,0
901019,'1490038',1638,,1590,40,0,16 17,0
901019,'1490039',1758,,1591,40,0,16 17,0
901019,'1490040',1918,,1592,40,0,16 17,0
901019,'1490041',2038,,1593,40,0,16 17,0
901019,'1490042',2158,,1594,40,0,16 17,0
901019,'1497384',1918,,1607,40,0,16 17,0
901019,'1497385',2038,,1608,40,0,16 17,0
901019,'1497386',2158,,1609,40,0,16 17,0
902019,'1490054',1838,,1610,8,0,16 17,0
902019,'1490055',1958,,1611,8,0,16 17,0
902019,'1490056',2118,,1612,8,0,16 17,0
902019,'1490057',758,,1613,8,0,16 17,0
902019,'1490058',918,,1614,8,0,16 17,0
902019,'1490059',1038,,1615,8,0,16 17,0
902019,'1490060',1158,,1616,8,0,16 17,0
902019,'1490061',1318,,1617,8,0,16 17,0
902019,'1490062',1438,,1618,8,0,16 17,0
902019,'1490063',1558,,1619,8,0,16 17,0
902019,'1490064',1718,,1620,8,0,16 17,0
902019,'1490065',1838,,1621,8,0,16 17,0
902019,'1490066',1958,,1622,8,0,16 17,0
902019,'1490067',2118,,1623,8,0,16 17,0
