2019,'1486350',634,,1505,8,,,0
2019,'1486351',714,,1506,8,,,0
2019,'1486352',754,,1507,8,,,0
2019,'1486353',834,,1508,8,,,0
2019,'1486354',914,,1509,8,,,0
2019,'1486355',954,,1510,8,,,0
2019,'1486356',1034,,1511,8,,,0
2019,'1486357',1114,,1512,8,,,0
2019,'1486358',1154,,1513,8,,,0
2019,'1486359',1234,,1514,8,,,0
2019,'1486360',1314,,1515,8,,,0
2019,'1486361',1354,,1516,8,,,0
2019,'1486362',1434,,1517,8,,,0
2019,'1486363',1514,,1518,8,,,0
2019,'1486364',1554,,1519,8,,,0
2019,'1486365',1634,,1520,8,,,0
2019,'1486366',1714,,1521,8,,,0
2019,'1486367',814,,1522,25,,,0
2019,'1486368',854,,1523,25,,,0
2019,'1486369',934,,1524,25,,,0
2019,'1486370',1014,,1525,25,,,0
2019,'1486371',1054,,1526,25,,,0
2019,'1486372',1134,,1527,25,,,0
2019,'1486373',1214,,1528,25,,,0
2019,'1486374',1254,,1529,25,,,0
2019,'1486375',1334,,1530,25,,,0
2019,'1486376',1414,,1531,25,,,0
2019,'1486377',1454,,1532,25,,,0
2019,'1486378',1534,,1533,25,,,0
2019,'1486379',1614,,1534,25,,,0
2019,'1486380',1654,,1535,25,,,0
2019,'1486381',1734,,1536,25,,,0
2019,'1486382',1814,,1537,25,,,0
2019,'1486958',1754,,1538,8,,,0
