12019,'1490514',723,,1540,17,0,12 13,0
12019,'1490515',823,,1541,17,0,12 13,0
12019,'1490516',923,,1542,17,0,12 13,0
12019,'1490517',1023,,1543,17,0,12 13,0
12019,'1490518',1123,,1544,17,0,12 13,0
12019,'1490519',1223,,1545,17,0,12 13,0
12019,'1490520',1323,,1546,17,0,12 13,0
12019,'1490521',1423,,1547,17,0,12 13,0
12019,'1490522',1523,,1548,17,0,12 13,0
12019,'1490523',1623,,1549,17,0,12 13,0
12019,'1490524',1723,,1550,17,0,12 13,0
12019,'1490525',1823,,1551,17,0,12 13,0
12019,'1490526',823,,1552,17,0,12 13,0
12019,'1490527',923,,1553,17,0,12 13,0
12019,'1490528',1023,,1554,17,0,12 13,0
12019,'1490529',1123,,1555,17,0,12 13,0
12019,'1490530',1223,,1556,17,0,12 13,0
12019,'1490531',1323,,1557,17,0,12 13,0
12019,'1490532',1423,,1558,17,0,12 13,0
12019,'1490533',1523,,1559,17,0,12 13,0
12019,'1490534',1623,,1560,17,0,12 13,0
12019,'1490535',1723,,1561,17,0,12 13,0
12019,'1490536',1823,,1562,17,0,12 13,0
