12019,'1490514',727,,1540,18,0,12 13,0
12019,'1490515',827,,1541,18,0,12 13,0
12019,'1490516',927,,1542,18,0,12 13,0
12019,'1490517',1027,,1543,18,0,12 13,0
12019,'1490518',1127,,1544,18,0,12 13,0
12019,'1490519',1227,,1545,18,0,12 13,0
12019,'1490520',1327,,1546,18,0,12 13,0
12019,'1490521',1427,,1547,18,0,12 13,0
12019,'1490522',1527,,1548,18,0,12 13,0
12019,'1490523',1627,,1549,18,0,12 13,0
12019,'1490524',1727,,1550,18,0,12 13,0
12019,'1490525',1827,,1551,18,0,12 13,0
12019,'1490526',827,,1552,18,0,12 13,0
12019,'1490527',927,,1553,18,0,12 13,0
12019,'1490528',1027,,1554,18,0,12 13,0
12019,'1490529',1127,,1555,18,0,12 13,0
12019,'1490530',1227,,1556,18,0,12 13,0
12019,'1490531',1327,,1557,18,0,12 13,0
12019,'1490532',1427,,1558,18,0,12 13,0
12019,'1490533',1527,,1559,18,0,12 13,0
12019,'1490534',1627,,1560,18,0,12 13,0
12019,'1490535',1727,,1561,18,0,12 13,0
12019,'1490536',1827,,1562,18,0,12 13,0
