93019,'1492796',730,,703,18,,,0
93019,'1492797',830,,704,18,,,0
93019,'1492798',930,,705,18,,,0
93019,'1492799',1030,,706,18,,,0
93019,'1492800',1130,,707,18,,,0
93019,'1492801',1230,,708,18,,,0
93019,'1492802',1330,,709,18,,,0
93019,'1492803',1430,,710,18,,,0
93019,'1492804',1530,,711,18,,,0
93019,'1492805',1630,,712,18,,,0
93019,'1492806',1730,,713,18,,,0
901019,'1492793',1850,,700,18,0,6,0
901019,'1492794',2010,,701,18,0,6,0
901019,'1492795',2130,,702,18,0,6,0
903019,'1494865',730,,763,18,,,0
903019,'1494866',830,,764,18,,,0
903019,'1494867',930,,765,18,,,0
903019,'1494868',1030,,766,18,,,0
903019,'1494869',1130,,767,18,,,0
903019,'1494870',1230,,768,18,,,0
903019,'1494871',1330,,769,18,,,0
903019,'1494872',1430,,770,18,,,0
903019,'1494873',1530,,771,18,,,0
903019,'1494874',1630,,772,18,,,0
903019,'1494875',1730,,773,18,,,0
