1019,'1483501',744,,25,3,0,18,0
2019,'1483532',744,,885,3,,,0
2019,'1492775',640,,1425,15,,,0
2019,'1492776',720,,1426,15,,,0
2019,'1492777',800,,1427,15,,,0
2019,'1492778',840,,1428,15,,,0
2019,'1492779',920,,1429,15,,,0
2019,'1492780',1000,,1430,15,,,0
2019,'1492781',1040,,1431,15,,,0
2019,'1492782',1120,,1432,15,,,0
2019,'1492783',1200,,1433,15,,,0
2019,'1492784',1240,,1434,15,,,0
2019,'1492785',1320,,1435,15,,,0
2019,'1492786',1400,,1436,15,,,0
2019,'1492787',1440,,1437,15,,,0
2019,'1492788',1520,,1438,15,,,0
2019,'1492789',1600,,1439,15,,,0
2019,'1492790',1640,,1440,15,,,0
2019,'1492791',1720,,1441,15,,,0
2019,'1492792',1800,,1442,15,,,0
2019,'1495973',820,,1443,32,,,0
2019,'1495974',900,,1444,32,,,0
2019,'1495975',940,,1445,32,,,0
2019,'1495976',1020,,1446,32,,,0
2019,'1495977',1100,,1447,32,,,0
2019,'1495978',1140,,1448,32,,,0
2019,'1495979',1220,,1449,32,,,0
2019,'1495980',1300,,1450,32,,,0
2019,'1495981',1340,,1451,32,,,0
2019,'1495982',1420,,1452,32,,,0
2019,'1495983',1500,,1453,32,,,0
2019,'1495984',1540,,1454,32,,,0
2019,'1495985',1620,,1455,32,,,0
2019,'1495986',1700,,1456,32,,,0
2019,'1495987',1740,,1457,32,,,0
2019,'1495988',1820,,1458,32,,,0
