7019,'1489971',704,,113,27,0,7,0
7019,'1489972',744,,114,27,0,7,0
7019,'1489973',824,,115,27,0,7,0
7019,'1489974',904,,116,27,0,7,0
7019,'1489975',944,,117,27,0,7,0
7019,'1489976',1024,,118,27,0,7,0
7019,'1489977',1104,,917,27,0,7,0
7019,'1489978',1144,,918,27,0,7,0
7019,'1489979',1224,,919,27,0,7,0
7019,'1489980',1304,,920,27,0,7,0
7019,'1489981',1344,,921,27,0,7,0
7019,'1489982',1424,,922,27,0,7,0
7019,'1489983',1504,,119,27,0,7,0
7019,'1489984',1544,,120,27,0,7,0
7019,'1489985',1624,,121,27,0,7,0
7019,'1489986',1704,,122,27,0,7,0
7019,'1489987',1744,,123,27,0,7,0
7019,'1489988',1824,,124,27,0,7,0
7019,'1489989',1904,,923,27,0,7,0
7019,'1489990',1944,,924,27,0,7,0
7019,'1489991',2024,,925,27,0,7,0
7019,'1489992',2104,,926,27,0,7,0
7019,'1489993',2144,,927,27,0,7,0
7019,'1489994',2224,,928,27,0,7,0
7019,'1489995',824,,125,27,0,7,0
7019,'1489996',904,,126,27,0,7,0
7019,'1489997',944,,127,27,0,7,0
7019,'1489998',1024,,128,27,0,7,0
7019,'1489999',1104,,129,27,0,7,0
7019,'1490000',1144,,130,27,0,7,0
7019,'1490001',1224,,131,27,0,7,0
7019,'1490002',1304,,132,27,0,7,0
7019,'1490003',1344,,133,27,0,7,0
7019,'1490004',1424,,134,27,0,7,0
7019,'1490005',1504,,135,27,0,7,0
7019,'1490006',1544,,136,27,0,7,0
7019,'1490007',1624,,137,27,0,7,0
7019,'1490008',1704,,138,27,0,7,0
7019,'1490009',1744,,139,27,0,7,0
7019,'1490010',1824,,140,27,0,7,0
7019,'1490011',1904,,929,27,0,7,0
7019,'1490012',1944,,930,27,0,7,0
7019,'1490013',2024,,931,27,0,7,0
7019,'1490014',2104,,932,27,0,7,0
7019,'1490015',2144,,933,27,0,7,0
7019,'1490016',2224,,934,27,0,7,0
