6809,'1482170',727,,1068,3,,,0
6809,'1482173',1427,,1071,3,,,0
93019,'1497427',713,,1706,4,0,5,0
93019,'1497428',813,,1707,4,0,5,0
93019,'1497429',913,,1708,4,0,5,0
93019,'1497430',1013,,1709,4,0,5,0
93019,'1497431',1113,,1710,4,0,5,0
93019,'1497432',1213,,1711,4,0,5,0
93019,'1497433',1313,,1712,4,0,5,0
93019,'1497434',1413,,1713,4,0,5,0
93019,'1497435',1513,,1714,4,0,5,0
93019,'1497436',1613,,1715,4,0,5,0
93019,'1497437',1713,,1716,4,0,5,0
901019,'1490032',753,,1584,4,,,0
901019,'1490033',913,,1585,4,,,0
901019,'1490034',1033,,1586,4,,,0
901019,'1490035',1153,,1587,4,,,0
901019,'1490036',1313,,1588,4,,,0
901019,'1490037',1433,,1589,4,,,0
901019,'1490038',1553,,1590,4,,,0
901019,'1490039',1713,,1591,4,,,0
901019,'1490040',1833,,1592,4,,,0
901019,'1490041',1953,,1593,4,,,0
901019,'1490042',2113,,1594,4,,,0
901019,'1497372',633,,1595,4,,,0
901019,'1497373',733,,1596,4,,,0
901019,'1497374',833,,1597,4,,,0
901019,'1497375',933,,1598,4,,,0
901019,'1497376',1033,,1599,4,,,0
901019,'1497377',1133,,1600,4,,,0
901019,'1497378',1233,,1601,4,,,0
901019,'1497379',1333,,1602,4,,,0
901019,'1497380',1433,,1603,4,,,0
901019,'1497381',1533,,1604,4,,,0
901019,'1497382',1633,,1605,4,,,0
901019,'1497383',1733,,1606,4,,,0
901019,'1497384',1833,,1607,4,,,0
901019,'1497385',1953,,1608,4,,,0
901019,'1497386',2113,,1609,4,,,0
902019,'1490054',1913,,1610,30,,,0
902019,'1490055',2033,,1611,30,,,0
902019,'1490056',2153,,1612,30,,,0
902019,'1490057',833,,1613,30,,,0
902019,'1490058',953,,1614,30,,,0
902019,'1490059',1113,,1615,30,,,0
902019,'1490060',1233,,1616,30,,,0
902019,'1490061',1353,,1617,30,,,0
902019,'1490062',1513,,1618,30,,,0
902019,'1490063',1633,,1619,30,,,0
902019,'1490064',1753,,1620,30,,,0
902019,'1490065',1913,,1621,30,,,0
902019,'1490066',2033,,1622,30,,,0
902019,'1490067',2153,,1623,30,,,0
902019,'1490068',1753,,1624,4,,,0
902019,'1497387',653,,1625,4,,,0
902019,'1497388',753,,1626,4,,,0
902019,'1497389',853,,1627,4,,,0
902019,'1497390',953,,1628,4,,,0
902019,'1497391',1053,,1629,4,,,0
902019,'1497392',1153,,1630,4,,,0
902019,'1497393',1253,,1631,4,,,0
902019,'1497394',1353,,1632,4,,,0
902019,'1497395',1453,,1633,4,,,0
902019,'1497396',1553,,1634,4,,,0
902019,'1497397',1653,,1635,4,,,0
