2019,'1486350',633,,1505,7,,,0
2019,'1486351',713,,1506,7,,,0
2019,'1486352',753,,1507,7,,,0
2019,'1486353',833,,1508,7,,,0
2019,'1486354',913,,1509,7,,,0
2019,'1486355',953,,1510,7,,,0
2019,'1486356',1033,,1511,7,,,0
2019,'1486357',1113,,1512,7,,,0
2019,'1486358',1153,,1513,7,,,0
2019,'1486359',1233,,1514,7,,,0
2019,'1486360',1313,,1515,7,,,0
2019,'1486361',1353,,1516,7,,,0
2019,'1486362',1433,,1517,7,,,0
2019,'1486363',1513,,1518,7,,,0
2019,'1486364',1553,,1519,7,,,0
2019,'1486365',1633,,1520,7,,,0
2019,'1486366',1713,,1521,7,,,0
2019,'1486367',813,,1522,24,,,0
2019,'1486368',853,,1523,24,,,0
2019,'1486369',933,,1524,24,,,0
2019,'1486370',1013,,1525,24,,,0
2019,'1486371',1053,,1526,24,,,0
2019,'1486372',1133,,1527,24,,,0
2019,'1486373',1213,,1528,24,,,0
2019,'1486374',1253,,1529,24,,,0
2019,'1486375',1333,,1530,24,,,0
2019,'1486376',1413,,1531,24,,,0
2019,'1486377',1453,,1532,24,,,0
2019,'1486378',1533,,1533,24,,,0
2019,'1486379',1613,,1534,24,,,0
2019,'1486380',1653,,1535,24,,,0
2019,'1486381',1733,,1536,24,,,0
2019,'1486382',1813,,1537,24,,,0
2019,'1486958',1753,,1538,7,,,0
