1019,'1485865',642,,26,13,0,11,0
1019,'1485866',722,,27,13,0,11,0
1019,'1485867',802,,28,13,0,11,0
1019,'1485868',842,,29,13,0,11,0
1019,'1485869',922,,30,13,0,11,0
1019,'1485870',1002,,31,13,0,11,0
1019,'1485871',1042,,32,13,0,11,0
1019,'1485872',1122,,33,13,0,11,0
1019,'1485873',1202,,34,13,0,11,0
1019,'1485874',1242,,35,13,0,11,0
1019,'1485875',1322,,36,13,0,11,0
1019,'1485876',1402,,37,13,0,11,0
1019,'1485877',1442,,38,13,0,11,0
1019,'1485878',1522,,39,13,0,11,0
1019,'1485879',1602,,40,13,0,11,0
1019,'1485880',1642,,41,13,0,11,0
1019,'1485881',1722,,42,13,0,11,0
1019,'1485882',1802,,43,13,0,11,0
1019,'1485883',802,,869,13,0,11,0
1019,'1485884',842,,870,13,0,11,0
1019,'1485885',922,,871,13,0,11,0
1019,'1485886',1002,,872,13,0,11,0
1019,'1485887',1042,,873,13,0,11,0
1019,'1485888',1122,,874,13,0,11,0
1019,'1485889',1202,,875,13,0,11,0
1019,'1485890',1242,,876,13,0,11,0
1019,'1485891',1322,,877,13,0,11,0
1019,'1485892',1402,,878,13,0,11,0
1019,'1485893',1442,,879,13,0,11,0
1019,'1485894',1522,,880,13,0,11,0
1019,'1485895',1602,,881,13,0,11,0
1019,'1485896',1642,,882,13,0,11,0
1019,'1485897',1722,,883,13,0,11,0
1019,'1485898',1802,,884,13,0,11,0
3019,'1486996',825,,1149,36,,,0
3019,'1486997',905,,1150,36,,,0
3019,'1486998',945,,1151,36,,,0
3019,'1486999',1025,,1152,36,,,0
3019,'1487000',1105,,1153,36,,,0
3019,'1487001',1145,,1154,36,,,0
3019,'1487002',1225,,1155,36,,,0
3019,'1487003',1305,,1156,36,,,0
3019,'1487004',1345,,1157,36,,,0
3019,'1487005',1425,,1158,36,,,0
3019,'1487006',1505,,1159,36,,,0
3019,'1487007',1545,,1160,36,,,0
3019,'1487008',1625,,1161,36,,,0
3019,'1487009',1705,,1162,36,,,0
3019,'1494946',735,,916,8,,,0
10019,'1483448',642,,161,8,0,5,0
10019,'1483449',1522,,162,8,0,5,0
