14019,'1492813',636,,577,9,,,0,71,,577,35,,,0
14019,'1492814',716,,578,9,,,0,31,,578,35,,,0
14019,'1492815',756,,579,9,,,0,71,,579,35,,,0
14019,'1492816',836,,580,9,,,0,71,,580,35,,,0
14019,'1492817',916,,581,9,,,0,31,,581,35,,,0
14019,'1492818',956,,582,9,,,0,71,,582,35,,,0
14019,'1492819',1036,,583,9,,,0,71,,583,35,,,0
14019,'1492820',1116,,584,9,,,0,31,,584,35,,,0
14019,'1492821',1156,,585,9,,,0,71,,585,35,,,0
14019,'1492822',1236,,586,9,,,0,71,,586,35,,,0
14019,'1492823',1316,,587,9,,,0,31,,587,35,,,0
14019,'1492824',1356,,588,9,,,0,71,,588,35,,,0
14019,'1492825',1436,,589,9,,,0,71,,589,35,,,0
14019,'1492826',1516,,590,9,,,0,31,,590,35,,,0
14019,'1492827',1556,,591,9,,,0,71,,591,35,,,0
14019,'1492828',1636,,592,9,,,0,71,,592,35,,,0
14019,'1492829',1716,,593,9,,,0,31,,593,35,,,0
14019,'1492830',1756,,594,9,,,0,71,,594,35,,,0
14019,'1492831',1836,,595,9,,,0,71,,595,35,,,0
14019,'1492832',1916,,596,9,,,0,31,,596,35,,,0
14019,'1492833',1956,,597,9,,,0,71,,597,35,,,0
14019,'1492834',2036,,598,9,,,0,71,,598,35,,,0
14019,'1492835',2116,,599,9,,,0,31,,599,35,,,0
14019,'1492836',2156,,600,9,,,0,71,,600,35,,,0
14019,'1492837',756,,601,9,,,0,71,,601,35,,,0
14019,'1492838',836,,602,9,,,0,71,,602,35,,,0
14019,'1492839',916,,603,9,,,0,31,,603,35,,,0
14019,'1492840',956,,604,9,,,0,71,,604,35,,,0
14019,'1492841',1036,,605,9,,,0,71,,605,35,,,0
14019,'1492842',1116,,606,9,,,0,31,,606,35,,,0
14019,'1492843',1156,,607,9,,,0,71,,607,35,,,0
14019,'1492844',1236,,608,9,,,0,71,,608,35,,,0
14019,'1492845',1316,,609,9,,,0,31,,609,35,,,0
14019,'1492846',1356,,610,9,,,0,71,,610,35,,,0
14019,'1492847',1436,,611,9,,,0,71,,611,35,,,0
14019,'1492848',1516,,612,9,,,0,31,,612,35,,,0
14019,'1492849',1556,,613,9,,,0,71,,613,35,,,0
14019,'1492850',1636,,614,9,,,0,71,,614,35,,,0
14019,'1492851',1716,,615,9,,,0,31,,615,35,,,0
14019,'1492852',1756,,616,9,,,0,71,,616,35,,,0
14019,'1492853',1836,,617,9,,,0,71,,617,35,,,0
14019,'1492854',1916,,618,9,,,0,31,,618,35,,,0
14019,'1492855',1956,,619,9,,,0,71,,619,35,,,0
14019,'1492856',2036,,620,9,,,0,71,,620,35,,,0
14019,'1492857',2116,,621,9,,,0,31,,621,35,,,0
14019,'1492858',2156,,622,9,,,0,71,,622,35,,,0
