7019,'1489971',654,,113,18,0,7,0
7019,'1489972',734,,114,18,0,7,0
7019,'1489973',814,,115,18,0,7,0
7019,'1489974',854,,116,18,0,7,0
7019,'1489975',934,,117,18,0,7,0
7019,'1489976',1014,,118,18,0,7,0
7019,'1489977',1054,,917,18,0,7,0
7019,'1489978',1134,,918,18,0,7,0
7019,'1489979',1214,,919,18,0,7,0
7019,'1489980',1254,,920,18,0,7,0
7019,'1489981',1334,,921,18,0,7,0
7019,'1489982',1414,,922,18,0,7,0
7019,'1489983',1454,,119,18,0,7,0
7019,'1489984',1534,,120,18,0,7,0
7019,'1489985',1614,,121,18,0,7,0
7019,'1489986',1654,,122,18,0,7,0
7019,'1489987',1734,,123,18,0,7,0
7019,'1489988',1814,,124,18,0,7,0
7019,'1489989',1854,,923,18,0,7,0
7019,'1489990',1934,,924,18,0,7,0
7019,'1489991',2014,,925,18,0,7,0
7019,'1489992',2054,,926,18,0,7,0
7019,'1489993',2134,,927,18,0,7,0
7019,'1489994',2214,,928,18,0,7,0
7019,'1489995',814,,125,18,0,7,0
7019,'1489996',854,,126,18,0,7,0
7019,'1489997',934,,127,18,0,7,0
7019,'1489998',1014,,128,18,0,7,0
7019,'1489999',1054,,129,18,0,7,0
7019,'1490000',1134,,130,18,0,7,0
7019,'1490001',1214,,131,18,0,7,0
7019,'1490002',1254,,132,18,0,7,0
7019,'1490003',1334,,133,18,0,7,0
7019,'1490004',1414,,134,18,0,7,0
7019,'1490005',1454,,135,18,0,7,0
7019,'1490006',1534,,136,18,0,7,0
7019,'1490007',1614,,137,18,0,7,0
7019,'1490008',1654,,138,18,0,7,0
7019,'1490009',1734,,139,18,0,7,0
7019,'1490010',1814,,140,18,0,7,0
7019,'1490011',1854,,929,18,0,7,0
7019,'1490012',1934,,930,18,0,7,0
7019,'1490013',2014,,931,18,0,7,0
7019,'1490014',2054,,932,18,0,7,0
7019,'1490015',2134,,933,18,0,7,0
7019,'1490016',2214,,934,18,0,7,0
