1019,'1481753',625,,1,5,0,6,0
1019,'1481754',745,,2,5,0,6,0
1019,'1482680',827,,3,35,0,18,0
1019,'1482681',907,,4,35,0,18,0
1019,'1482682',947,,5,35,0,18,0
1019,'1482683',1027,,6,35,0,18,0
1019,'1482684',1107,,7,35,0,18,0
1019,'1482685',1147,,8,35,0,18,0
1019,'1482686',1227,,9,35,0,18,0
1019,'1482687',1307,,10,35,0,18,0
1019,'1482688',1347,,11,35,0,18,0
1019,'1482689',1427,,12,35,0,18,0
1019,'1482690',1507,,13,35,0,18,0
1019,'1482691',1547,,14,35,0,18,0
1019,'1482692',1627,,15,35,0,18,0
1019,'1482693',1707,,16,35,0,18,0
1019,'1482694',1747,,17,35,0,18,0
1019,'1482695',1827,,18,35,0,18,0
1019,'1482696',1907,,19,35,0,18,0
1019,'1482697',1947,,20,35,0,18,0
1019,'1482698',2027,,21,35,0,18,0
1019,'1482699',2107,,22,35,0,18,0
1019,'1482700',2147,,23,35,0,18,0
1019,'1482701',2227,,24,35,0,18,0
1019,'1483501',747,,25,9,0,18,0
1019,'1485865',706,,26,38,0,11,0
1019,'1485866',746,,27,38,0,11,0
1019,'1485867',826,,28,38,0,11,0
1019,'1485868',906,,29,38,0,11,0
1019,'1485869',946,,30,38,0,11,0
1019,'1485870',1026,,31,38,0,11,0
1019,'1485871',1106,,32,38,0,11,0
1019,'1485872',1146,,33,38,0,11,0
1019,'1485873',1226,,34,38,0,11,0
1019,'1485874',1306,,35,38,0,11,0
1019,'1485875',1346,,36,38,0,11,0
1019,'1485876',1426,,37,38,0,11,0
1019,'1485877',1506,,38,38,0,11,0
1019,'1485878',1546,,39,38,0,11,0
1019,'1485879',1626,,40,38,0,11,0
1019,'1485880',1706,,41,38,0,11,0
1019,'1485881',1746,,42,38,0,11,0
1019,'1485882',1826,,43,38,0,11,0
1019,'1485883',826,,869,38,0,11,0
1019,'1485884',906,,870,38,0,11,0
1019,'1485885',946,,871,38,0,11,0
1019,'1485886',1026,,872,38,0,11,0
1019,'1485887',1106,,873,38,0,11,0
1019,'1485888',1146,,874,38,0,11,0
1019,'1485889',1226,,875,38,0,11,0
1019,'1485890',1306,,876,38,0,11,0
1019,'1485891',1346,,877,38,0,11,0
1019,'1485892',1426,,878,38,0,11,0
1019,'1485893',1506,,879,38,0,11,0
1019,'1485894',1546,,880,38,0,11,0
1019,'1485895',1626,,881,38,0,11,0
1019,'1485896',1706,,882,38,0,11,0
1019,'1485897',1746,,883,38,0,11,0
1019,'1485898',1826,,884,38,0,11,0
2019,'1483532',747,,885,9,,,0
3019,'1486792',756,,902,13,,,0,48,,902,22,,,0
3019,'1486793',845,,903,13,,,0,3,,903,22,,,0
3019,'1486794',925,,904,13,,,0,3,,904,22,,,0
3019,'1486795',1005,,905,13,,,0,3,,905,22,,,0
3019,'1486796',1045,,906,13,,,0,3,,906,22,,,0
3019,'1486797',1125,,907,13,,,0,3,,907,22,,,0
3019,'1486798',1205,,908,13,,,0,3,,908,22,,,0
3019,'1486799',1245,,909,13,,,0,3,,909,22,,,0
3019,'1486800',1325,,910,13,,,0,3,,910,22,,,0
3019,'1486801',1405,,911,13,,,0,3,,911,22,,,0
3019,'1486802',1445,,912,13,,,0,3,,912,22,,,0
3019,'1486803',1525,,913,13,,,0,3,,913,22,,,0
3019,'1486804',1605,,914,13,,,0,3,,914,22,,,0
3019,'1486805',1645,,915,13,,,0,3,,915,22,,,0
4019,'1489036',707,,65,34,,,0
4019,'1489037',747,,66,34,,,0
4019,'1489038',827,,67,34,,,0
4019,'1489039',907,,68,34,,,0
4019,'1489040',947,,69,34,,,0
4019,'1489041',1027,,70,34,,,0
4019,'1489042',1107,,71,34,,,0
4019,'1489043',1147,,72,34,,,0
4019,'1489044',1227,,73,34,,,0
4019,'1489045',1307,,74,34,,,0
4019,'1489046',1347,,75,34,,,0
4019,'1489047',1427,,76,34,,,0
4019,'1489048',1507,,77,34,,,0
4019,'1489049',1547,,78,34,,,0
4019,'1489050',1627,,79,34,,,0
4019,'1489051',1707,,80,34,,,0
4019,'1489052',1747,,81,34,,,0
4019,'1489053',1827,,82,34,,,0
4019,'1489054',1907,,83,34,,,0
4019,'1489055',1947,,84,34,,,0
4019,'1489056',2027,,85,34,,,0
4019,'1489057',2107,,86,34,,,0
4019,'1489058',2147,,87,34,,,0
4019,'1489059',2227,,88,34,,,0
4019,'1489060',827,,89,34,,,0
4019,'1489061',907,,90,34,,,0
4019,'1489062',947,,91,34,,,0
4019,'1489063',1027,,92,34,,,0
4019,'1489064',1107,,93,34,,,0
4019,'1489065',1147,,94,34,,,0
4019,'1489066',1227,,95,34,,,0
4019,'1489067',1307,,96,34,,,0
4019,'1489068',1347,,97,34,,,0
4019,'1489069',1427,,98,34,,,0
4019,'1489070',1507,,99,34,,,0
4019,'1489071',1547,,100,34,,,0
4019,'1489072',1627,,101,34,,,0
4019,'1489073',1707,,102,34,,,0
4019,'1489074',1747,,103,34,,,0
4019,'1489075',1827,,104,34,,,0
4019,'1489076',1907,,105,34,,,0
4019,'1489077',1947,,106,34,,,0
4019,'1489078',2027,,107,34,,,0
4019,'1489079',2107,,108,34,,,0
4019,'1489080',2147,,109,34,,,0
4019,'1489081',2227,,110,34,,,0
