14019,'1489925',655,,209,20,,,0
14019,'1489926',735,,210,20,,,0
14019,'1489927',815,,211,20,,,0
14019,'1489928',855,,212,20,,,0
14019,'1489929',935,,213,20,,,0
14019,'1489930',1015,,214,20,,,0
14019,'1489931',1055,,215,20,,,0
14019,'1489932',1135,,216,20,,,0
14019,'1489933',1215,,217,20,,,0
14019,'1489934',1255,,218,20,,,0
14019,'1489935',1335,,219,20,,,0
14019,'1489936',1415,,220,20,,,0
14019,'1489937',1455,,221,20,,,0
14019,'1489938',1535,,222,20,,,0
14019,'1489939',1615,,223,20,,,0
14019,'1489940',1655,,224,20,,,0
14019,'1489941',1735,,225,20,,,0
14019,'1489942',1815,,226,20,,,0
14019,'1489943',1855,,227,20,,,0
14019,'1489944',1935,,228,20,,,0
14019,'1489945',2015,,229,20,,,0
14019,'1489946',2055,,230,20,,,0
14019,'1489947',2135,,231,20,,,0
14019,'1489948',2215,,232,20,,,0
14019,'1492813',655,,577,20,,,0
14019,'1492814',735,,578,20,,,0
14019,'1492815',815,,579,20,,,0
14019,'1492816',855,,580,20,,,0
14019,'1492817',935,,581,20,,,0
14019,'1492818',1015,,582,20,,,0
14019,'1492819',1055,,583,20,,,0
14019,'1492820',1135,,584,20,,,0
14019,'1492821',1215,,585,20,,,0
14019,'1492822',1255,,586,20,,,0
14019,'1492823',1335,,587,20,,,0
14019,'1492824',1415,,588,20,,,0
14019,'1492825',1455,,589,20,,,0
14019,'1492826',1535,,590,20,,,0
14019,'1492827',1615,,591,20,,,0
14019,'1492828',1655,,592,20,,,0
14019,'1492829',1735,,593,20,,,0
14019,'1492830',1815,,594,20,,,0
14019,'1492831',1855,,595,20,,,0
14019,'1492832',1935,,596,20,,,0
14019,'1492833',2015,,597,20,,,0
14019,'1492834',2055,,598,20,,,0
14019,'1492835',2135,,599,20,,,0
14019,'1492836',2215,,600,20,,,0
14019,'1492837',815,,601,20,,,0
14019,'1492838',855,,602,20,,,0
14019,'1492839',935,,603,20,,,0
14019,'1492840',1015,,604,20,,,0
14019,'1492841',1055,,605,20,,,0
14019,'1492842',1135,,606,20,,,0
14019,'1492843',1215,,607,20,,,0
14019,'1492844',1255,,608,20,,,0
14019,'1492845',1335,,609,20,,,0
14019,'1492846',1415,,610,20,,,0
14019,'1492847',1455,,611,20,,,0
14019,'1492848',1535,,612,20,,,0
14019,'1492849',1615,,613,20,,,0
14019,'1492850',1655,,614,20,,,0
14019,'1492851',1735,,615,20,,,0
14019,'1492852',1815,,616,20,,,0
14019,'1492853',1855,,617,20,,,0
14019,'1492854',1935,,618,20,,,0
14019,'1492855',2015,,619,20,,,0
14019,'1492856',2055,,620,20,,,0
14019,'1492857',2135,,621,20,,,0
14019,'1492858',2215,,622,20,,,0
