93019,'1497427',732,,1706,19,,,0
93019,'1497428',832,,1707,19,,,0
93019,'1497429',932,,1708,19,,,0
93019,'1497430',1032,,1709,19,,,0
93019,'1497431',1132,,1710,19,,,0
93019,'1497432',1232,,1711,19,,,0
93019,'1497433',1332,,1712,19,,,0
93019,'1497434',1432,,1713,19,,,0
93019,'1497435',1532,,1714,19,,,0
93019,'1497436',1632,,1715,19,,,0
93019,'1497437',1732,,1716,19,,,0
901019,'1490032',812,,1584,19,0,6,0
901019,'1490033',932,,1585,19,0,6,0
901019,'1490034',1052,,1586,19,0,6,0
901019,'1490035',1212,,1587,19,0,6,0
901019,'1490036',1332,,1588,19,0,6,0
901019,'1490037',1452,,1589,19,0,6,0
901019,'1490038',1612,,1590,19,0,6,0
901019,'1490039',1732,,1591,19,0,6,0
901019,'1490040',1852,,1592,19,0,6,0
901019,'1490041',2012,,1593,19,0,6,0
901019,'1490042',2132,,1594,19,0,6,0
901019,'1497372',652,,1595,19,0,6,0
901019,'1497373',752,,1596,19,0,6,0
901019,'1497374',852,,1597,19,0,6,0
901019,'1497375',952,,1598,19,0,6,0
901019,'1497376',1052,,1599,19,0,6,0
901019,'1497377',1152,,1600,19,0,6,0
901019,'1497378',1252,,1601,19,0,6,0
901019,'1497379',1352,,1602,19,0,6,0
901019,'1497380',1452,,1603,19,0,6,0
901019,'1497381',1552,,1604,19,0,6,0
901019,'1497382',1652,,1605,19,0,6,0
901019,'1497383',1752,,1606,19,0,6,0
901019,'1497384',1852,,1607,19,0,6,0
901019,'1497385',2012,,1608,19,0,6,0
901019,'1497386',2132,,1609,19,0,6,0
902019,'1490054',1932,,1610,45,0,6,0
902019,'1490055',2052,,1611,45,0,6,0
902019,'1490056',2212,,1612,45,0,6,0
902019,'1490057',852,,1613,45,0,6,0
902019,'1490058',1012,,1614,45,0,6,0
902019,'1490059',1132,,1615,45,0,6,0
902019,'1490060',1252,,1616,45,0,6,0
902019,'1490061',1412,,1617,45,0,6,0
902019,'1490062',1532,,1618,45,0,6,0
902019,'1490063',1652,,1619,45,0,6,0
902019,'1490064',1812,,1620,45,0,6,0
902019,'1490065',1932,,1621,45,0,6,0
902019,'1490066',2052,,1622,45,0,6,0
902019,'1490067',2212,,1623,45,0,6,0
902019,'1490068',1812,,1624,19,0,6,0
902019,'1497387',712,,1625,19,0,6,0
902019,'1497388',812,,1626,19,0,6,0
902019,'1497389',912,,1627,19,0,6,0
902019,'1497390',1012,,1628,19,0,6,0
902019,'1497391',1112,,1629,19,0,6,0
902019,'1497392',1212,,1630,19,0,6,0
902019,'1497393',1312,,1631,19,0,6,0
902019,'1497394',1412,,1632,19,0,6,0
902019,'1497395',1512,,1633,19,0,6,0
902019,'1497396',1612,,1634,19,0,6,0
902019,'1497397',1712,,1635,19,0,6,0
