12019,'1490514',728,,1540,20,0,12 13,0
12019,'1490515',828,,1541,20,0,12 13,0
12019,'1490516',928,,1542,20,0,12 13,0
12019,'1490517',1028,,1543,20,0,12 13,0
12019,'1490518',1128,,1544,20,0,12 13,0
12019,'1490519',1228,,1545,20,0,12 13,0
12019,'1490520',1328,,1546,20,0,12 13,0
12019,'1490521',1428,,1547,20,0,12 13,0
12019,'1490522',1528,,1548,20,0,12 13,0
12019,'1490523',1628,,1549,20,0,12 13,0
12019,'1490524',1728,,1550,20,0,12 13,0
12019,'1490525',1828,,1551,20,0,12 13,0
12019,'1490526',828,,1552,20,0,12 13,0
12019,'1490527',928,,1553,20,0,12 13,0
12019,'1490528',1028,,1554,20,0,12 13,0
12019,'1490529',1128,,1555,20,0,12 13,0
12019,'1490530',1228,,1556,20,0,12 13,0
12019,'1490531',1328,,1557,20,0,12 13,0
12019,'1490532',1428,,1558,20,0,12 13,0
12019,'1490533',1528,,1559,20,0,12 13,0
12019,'1490534',1628,,1560,20,0,12 13,0
12019,'1490535',1728,,1561,20,0,12 13,0
12019,'1490536',1828,,1562,20,0,12 13,0
