1019,'1485865',642,,26,12,0,11,0
1019,'1485866',722,,27,12,0,11,0
1019,'1485867',802,,28,12,0,11,0
1019,'1485868',842,,29,12,0,11,0
1019,'1485869',922,,30,12,0,11,0
1019,'1485870',1002,,31,12,0,11,0
1019,'1485871',1042,,32,12,0,11,0
1019,'1485872',1122,,33,12,0,11,0
1019,'1485873',1202,,34,12,0,11,0
1019,'1485874',1242,,35,12,0,11,0
1019,'1485875',1322,,36,12,0,11,0
1019,'1485876',1402,,37,12,0,11,0
1019,'1485877',1442,,38,12,0,11,0
1019,'1485878',1522,,39,12,0,11,0
1019,'1485879',1602,,40,12,0,11,0
1019,'1485880',1642,,41,12,0,11,0
1019,'1485881',1722,,42,12,0,11,0
1019,'1485882',1802,,43,12,0,11,0
1019,'1485883',802,,869,12,0,11,0
1019,'1485884',842,,870,12,0,11,0
1019,'1485885',922,,871,12,0,11,0
1019,'1485886',1002,,872,12,0,11,0
1019,'1485887',1042,,873,12,0,11,0
1019,'1485888',1122,,874,12,0,11,0
1019,'1485889',1202,,875,12,0,11,0
1019,'1485890',1242,,876,12,0,11,0
1019,'1485891',1322,,877,12,0,11,0
1019,'1485892',1402,,878,12,0,11,0
1019,'1485893',1442,,879,12,0,11,0
1019,'1485894',1522,,880,12,0,11,0
1019,'1485895',1602,,881,12,0,11,0
1019,'1485896',1642,,882,12,0,11,0
1019,'1485897',1722,,883,12,0,11,0
1019,'1485898',1802,,884,12,0,11,0
3019,'1486996',825,,1149,35,,,0
3019,'1486997',905,,1150,35,,,0
3019,'1486998',945,,1151,35,,,0
3019,'1486999',1025,,1152,35,,,0
3019,'1487000',1105,,1153,35,,,0
3019,'1487001',1145,,1154,35,,,0
3019,'1487002',1225,,1155,35,,,0
3019,'1487003',1305,,1156,35,,,0
3019,'1487004',1345,,1157,35,,,0
3019,'1487005',1425,,1158,35,,,0
3019,'1487006',1505,,1159,35,,,0
3019,'1487007',1545,,1160,35,,,0
3019,'1487008',1625,,1161,35,,,0
3019,'1487009',1705,,1162,35,,,0
3019,'1494946',734,,916,7,,,0
10019,'1483448',641,,161,7,0,5,0
10019,'1483449',1521,,162,7,0,5,0
