15019,'1492887',1908,,1660,44,,,0
15019,'1492888',2008,,1661,44,,,0
15019,'1492889',2108,,1662,44,,,0
15019,'1492890',2208,,1663,44,,,0
15019,'1495961',708,,1664,44,,,0
15019,'1495962',808,,1665,44,,,0
15019,'1495963',908,,1666,44,,,0
15019,'1495964',1008,,1667,44,,,0
15019,'1495965',1108,,1668,44,,,0
15019,'1495966',1208,,1669,44,,,0
15019,'1495967',1308,,1670,44,,,0
15019,'1495968',1408,,1671,44,,,0
15019,'1495969',1508,,1672,44,,,0
15019,'1495970',1608,,1673,44,,,0
15019,'1495971',1708,,1674,44,,,0
15019,'1495972',1808,,1675,44,,,0
15019,'1497631',708,,1676,44,,,0
15019,'1497632',808,,1677,44,,,0
15019,'1497633',908,,1678,44,,,0
15019,'1497634',1008,,1679,44,,,0
15019,'1497635',1108,,1680,44,,,0
15019,'1497636',1208,,1681,44,,,0
15019,'1497637',1308,,1682,44,,,0
15019,'1497638',1408,,1683,44,,,0
15019,'1497639',1508,,1684,44,,,0
15019,'1497640',1608,,1685,44,,,0
15019,'1497641',1708,,1686,44,,,0
15019,'1497642',1808,,1687,44,,,0
15019,'1497643',1908,,1688,44,,,0
15019,'1497644',2008,,1689,44,,,0
15019,'1497645',2108,,1690,44,,,0
15019,'1497646',2208,,1691,44,,,0
15019,'1497647',908,,1692,44,,,0
15019,'1497648',1008,,1693,44,,,0
15019,'1497649',1108,,1694,44,,,0
15019,'1497650',1208,,1695,44,,,0
15019,'1497651',1308,,1696,44,,,0
15019,'1497652',1408,,1697,44,,,0
15019,'1497653',1508,,1698,44,,,0
15019,'1497654',1608,,1699,44,,,0
15019,'1497655',1708,,1700,44,,,0
15019,'1497656',1808,,1701,44,,,0
15019,'1497657',1908,,1702,44,,,0
15019,'1497658',2008,,1703,44,,,0
15019,'1497659',2108,,1704,44,,,0
15019,'1497660',2208,,1705,44,,,0
