15019,'1492887',1835,,1660,4,,,0
15019,'1492888',1935,,1661,4,,,0
15019,'1492889',2035,,1662,4,,,0
15019,'1492890',2135,,1663,4,,,0
15019,'1495961',635,,1664,4,,,0
15019,'1495962',735,,1665,4,,,0
15019,'1495963',835,,1666,4,,,0
15019,'1495964',935,,1667,4,,,0
15019,'1495965',1035,,1668,4,,,0
15019,'1495966',1135,,1669,4,,,0
15019,'1495967',1235,,1670,4,,,0
15019,'1495968',1335,,1671,4,,,0
15019,'1495969',1435,,1672,4,,,0
15019,'1495970',1535,,1673,4,,,0
15019,'1495971',1635,,1674,4,,,0
15019,'1495972',1735,,1675,4,,,0
15019,'1497631',635,,1676,4,,,0
15019,'1497632',735,,1677,4,,,0
15019,'1497633',835,,1678,4,,,0
15019,'1497634',935,,1679,4,,,0
15019,'1497635',1035,,1680,4,,,0
15019,'1497636',1135,,1681,4,,,0
15019,'1497637',1235,,1682,4,,,0
15019,'1497638',1335,,1683,4,,,0
15019,'1497639',1435,,1684,4,,,0
15019,'1497640',1535,,1685,4,,,0
15019,'1497641',1635,,1686,4,,,0
15019,'1497642',1735,,1687,4,,,0
15019,'1497643',1835,,1688,4,,,0
15019,'1497644',1935,,1689,4,,,0
15019,'1497645',2035,,1690,4,,,0
15019,'1497646',2135,,1691,4,,,0
15019,'1497647',835,,1692,4,,,0
15019,'1497648',935,,1693,4,,,0
15019,'1497649',1035,,1694,4,,,0
15019,'1497650',1135,,1695,4,,,0
15019,'1497651',1235,,1696,4,,,0
15019,'1497652',1335,,1697,4,,,0
15019,'1497653',1435,,1698,4,,,0
15019,'1497654',1535,,1699,4,,,0
15019,'1497655',1635,,1700,4,,,0
15019,'1497656',1735,,1701,4,,,0
15019,'1497657',1835,,1702,4,,,0
15019,'1497658',1935,,1703,4,,,0
15019,'1497659',2035,,1704,4,,,0
15019,'1497660',2135,,1705,4,,,0
