2019,'1480619',627,,44,8,,,0
2019,'1486350',705,,1505,37,,,0
2019,'1486351',745,,1506,37,,,0
2019,'1486352',825,,1507,37,,,0
2019,'1486353',905,,1508,37,,,0
2019,'1486354',945,,1509,37,,,0
2019,'1486355',1025,,1510,37,,,0
2019,'1486356',1105,,1511,37,,,0
2019,'1486357',1145,,1512,37,,,0
2019,'1486358',1225,,1513,37,,,0
2019,'1486359',1305,,1514,37,,,0
2019,'1486360',1345,,1515,37,,,0
2019,'1486361',1425,,1516,37,,,0
2019,'1486362',1505,,1517,37,,,0
2019,'1486363',1545,,1518,37,,,0
2019,'1486364',1625,,1519,37,,,0
2019,'1486365',1705,,1520,37,,,0
2019,'1486366',1745,,1521,37,,,0
2019,'1486367',806,,1522,15,,,0
2019,'1486368',846,,1523,15,,,0
2019,'1486369',926,,1524,15,,,0
2019,'1486370',1006,,1525,15,,,0
2019,'1486371',1046,,1526,15,,,0
2019,'1486372',1126,,1527,15,,,0
2019,'1486373',1206,,1528,15,,,0
2019,'1486374',1246,,1529,15,,,0
2019,'1486375',1326,,1530,15,,,0
2019,'1486376',1406,,1531,15,,,0
2019,'1486377',1446,,1532,15,,,0
2019,'1486378',1526,,1533,15,,,0
2019,'1486379',1606,,1534,15,,,0
2019,'1486380',1646,,1535,15,,,0
2019,'1486381',1726,,1536,15,,,0
2019,'1486382',1806,,1537,15,,,0
2019,'1486958',1825,,1538,37,,,0
