15019,'1492887',1836,,1660,9,,,0
15019,'1492888',1936,,1661,9,,,0
15019,'1492889',2036,,1662,9,,,0
15019,'1492890',2136,,1663,9,,,0
15019,'1495961',636,,1664,9,,,0
15019,'1495962',736,,1665,9,,,0
15019,'1495963',836,,1666,9,,,0
15019,'1495964',936,,1667,9,,,0
15019,'1495965',1036,,1668,9,,,0
15019,'1495966',1136,,1669,9,,,0
15019,'1495967',1236,,1670,9,,,0
15019,'1495968',1336,,1671,9,,,0
15019,'1495969',1436,,1672,9,,,0
15019,'1495970',1536,,1673,9,,,0
15019,'1495971',1636,,1674,9,,,0
15019,'1495972',1736,,1675,9,,,0
15019,'1497631',637,,1676,9,,,0
15019,'1497632',737,,1677,9,,,0
15019,'1497633',837,,1678,9,,,0
15019,'1497634',937,,1679,9,,,0
15019,'1497635',1037,,1680,9,,,0
15019,'1497636',1137,,1681,9,,,0
15019,'1497637',1237,,1682,9,,,0
15019,'1497638',1337,,1683,9,,,0
15019,'1497639',1437,,1684,9,,,0
15019,'1497640',1537,,1685,9,,,0
15019,'1497641',1637,,1686,9,,,0
15019,'1497642',1737,,1687,9,,,0
15019,'1497643',1837,,1688,9,,,0
15019,'1497644',1937,,1689,9,,,0
15019,'1497645',2037,,1690,9,,,0
15019,'1497646',2137,,1691,9,,,0
15019,'1497647',837,,1692,9,,,0
15019,'1497648',937,,1693,9,,,0
15019,'1497649',1037,,1694,9,,,0
15019,'1497650',1137,,1695,9,,,0
15019,'1497651',1237,,1696,9,,,0
15019,'1497652',1337,,1697,9,,,0
15019,'1497653',1437,,1698,9,,,0
15019,'1497654',1537,,1699,9,,,0
15019,'1497655',1637,,1700,9,,,0
15019,'1497656',1737,,1701,9,,,0
15019,'1497657',1837,,1702,9,,,0
15019,'1497658',1937,,1703,9,,,0
15019,'1497659',2037,,1704,9,,,0
15019,'1497660',2137,,1705,9,,,0
