66019,'1489865',822,,412,16,,,0
66019,'1489866',852,,413,16,,,0
66019,'1489867',922,,414,16,,,0
66019,'1489868',952,,415,16,,,0
66019,'1489869',1022,,416,16,,,0
66019,'1489870',1052,,417,16,,,0
66019,'1489871',1122,,418,16,,,0
66019,'1489872',1152,,419,16,,,0
66019,'1489873',1222,,420,16,,,0
66019,'1489874',1252,,421,16,,,0
66019,'1489875',1322,,422,16,,,0
66019,'1489876',1352,,423,16,,,0
66019,'1489877',1422,,424,16,,,0
66019,'1489878',1452,,425,16,,,0
66019,'1489879',1522,,426,16,,,0
66019,'1489880',1552,,427,16,,,0
66019,'1489881',1622,,428,16,,,0
66019,'1489882',1652,,429,16,,,0
66019,'1489883',1722,,430,16,,,0
66019,'1491659',822,,744,16,,,0
66019,'1491660',852,,745,16,,,0
66019,'1491661',922,,746,16,,,0
66019,'1491662',952,,747,16,,,0
66019,'1491663',1022,,748,16,,,0
66019,'1491664',1052,,749,16,,,0
66019,'1491665',1122,,750,16,,,0
66019,'1491666',1152,,751,16,,,0
66019,'1491667',1222,,752,16,,,0
66019,'1491668',1252,,753,16,,,0
66019,'1491669',1322,,754,16,,,0
66019,'1491670',1352,,755,16,,,0
66019,'1491671',1422,,756,16,,,0
66019,'1491672',1452,,757,16,,,0
66019,'1491673',1522,,758,16,,,0
66019,'1491674',1552,,759,16,,,0
66019,'1491675',1622,,760,16,,,0
66019,'1491676',1652,,761,16,,,0
66019,'1491677',1722,,762,16,,,0
