15019,'1492887',1853,,1660,28,,,0
15019,'1492888',1953,,1661,28,,,0
15019,'1492889',2053,,1662,28,,,0
15019,'1492890',2153,,1663,28,,,0
15019,'1495961',653,,1664,28,,,0
15019,'1495962',753,,1665,28,,,0
15019,'1495963',853,,1666,28,,,0
15019,'1495964',953,,1667,28,,,0
15019,'1495965',1053,,1668,28,,,0
15019,'1495966',1153,,1669,28,,,0
15019,'1495967',1253,,1670,28,,,0
15019,'1495968',1353,,1671,28,,,0
15019,'1495969',1453,,1672,28,,,0
15019,'1495970',1553,,1673,28,,,0
15019,'1495971',1653,,1674,28,,,0
15019,'1495972',1753,,1675,28,,,0
15019,'1497631',653,,1676,28,,,0
15019,'1497632',753,,1677,28,,,0
15019,'1497633',853,,1678,28,,,0
15019,'1497634',953,,1679,28,,,0
15019,'1497635',1053,,1680,28,,,0
15019,'1497636',1153,,1681,28,,,0
15019,'1497637',1253,,1682,28,,,0
15019,'1497638',1353,,1683,28,,,0
15019,'1497639',1453,,1684,28,,,0
15019,'1497640',1553,,1685,28,,,0
15019,'1497641',1653,,1686,28,,,0
15019,'1497642',1753,,1687,28,,,0
15019,'1497643',1853,,1688,28,,,0
15019,'1497644',1953,,1689,28,,,0
15019,'1497645',2053,,1690,28,,,0
15019,'1497646',2153,,1691,28,,,0
15019,'1497647',853,,1692,28,,,0
15019,'1497648',953,,1693,28,,,0
15019,'1497649',1053,,1694,28,,,0
15019,'1497650',1153,,1695,28,,,0
15019,'1497651',1253,,1696,28,,,0
15019,'1497652',1353,,1697,28,,,0
15019,'1497653',1453,,1698,28,,,0
15019,'1497654',1553,,1699,28,,,0
15019,'1497655',1653,,1700,28,,,0
15019,'1497656',1753,,1701,28,,,0
15019,'1497657',1853,,1702,28,,,0
15019,'1497658',1953,,1703,28,,,0
15019,'1497659',2053,,1704,28,,,0
15019,'1497660',2153,,1705,28,,,0
