1019,'1485865',640,,26,9,0,11,0
1019,'1485866',720,,27,9,0,11,0
1019,'1485867',800,,28,9,0,11,0
1019,'1485868',840,,29,9,0,11,0
1019,'1485869',920,,30,9,0,11,0
1019,'1485870',1000,,31,9,0,11,0
1019,'1485871',1040,,32,9,0,11,0
1019,'1485872',1120,,33,9,0,11,0
1019,'1485873',1200,,34,9,0,11,0
1019,'1485874',1240,,35,9,0,11,0
1019,'1485875',1320,,36,9,0,11,0
1019,'1485876',1400,,37,9,0,11,0
1019,'1485877',1440,,38,9,0,11,0
1019,'1485878',1520,,39,9,0,11,0
1019,'1485879',1600,,40,9,0,11,0
1019,'1485880',1640,,41,9,0,11,0
1019,'1485881',1720,,42,9,0,11,0
1019,'1485882',1800,,43,9,0,11,0
1019,'1485883',800,,869,9,0,11,0
1019,'1485884',840,,870,9,0,11,0
1019,'1485885',920,,871,9,0,11,0
1019,'1485886',1000,,872,9,0,11,0
1019,'1485887',1040,,873,9,0,11,0
1019,'1485888',1120,,874,9,0,11,0
1019,'1485889',1200,,875,9,0,11,0
1019,'1485890',1240,,876,9,0,11,0
1019,'1485891',1320,,877,9,0,11,0
1019,'1485892',1400,,878,9,0,11,0
1019,'1485893',1440,,879,9,0,11,0
1019,'1485894',1520,,880,9,0,11,0
1019,'1485895',1600,,881,9,0,11,0
1019,'1485896',1640,,882,9,0,11,0
1019,'1485897',1720,,883,9,0,11,0
1019,'1485898',1800,,884,9,0,11,0
3019,'1486792',821,,902,32,,,0
3019,'1486793',901,,903,32,,,0
3019,'1486794',941,,904,32,,,0
3019,'1486795',1021,,905,32,,,0
3019,'1486796',1101,,906,32,,,0
3019,'1486797',1141,,907,32,,,0
3019,'1486798',1221,,908,32,,,0
3019,'1486799',1301,,909,32,,,0
3019,'1486800',1341,,910,32,,,0
3019,'1486801',1421,,911,32,,,0
3019,'1486802',1501,,912,32,,,0
3019,'1486803',1541,,913,32,,,0
3019,'1486804',1621,,914,32,,,0
3019,'1486805',1701,,915,32,,,0
3019,'1494946',733,,916,4,,,0
10019,'1483448',639,,161,4,0,5,0
10019,'1483449',1519,,162,4,0,5,0
