14019,'1489925',656,,209,21,,,0
14019,'1489926',736,,210,21,,,0
14019,'1489927',816,,211,21,,,0
14019,'1489928',856,,212,21,,,0
14019,'1489929',936,,213,21,,,0
14019,'1489930',1016,,214,21,,,0
14019,'1489931',1056,,215,21,,,0
14019,'1489932',1136,,216,21,,,0
14019,'1489933',1216,,217,21,,,0
14019,'1489934',1256,,218,21,,,0
14019,'1489935',1336,,219,21,,,0
14019,'1489936',1416,,220,21,,,0
14019,'1489937',1456,,221,21,,,0
14019,'1489938',1536,,222,21,,,0
14019,'1489939',1616,,223,21,,,0
14019,'1489940',1656,,224,21,,,0
14019,'1489941',1736,,225,21,,,0
14019,'1489942',1816,,226,21,,,0
14019,'1489943',1856,,227,21,,,0
14019,'1489944',1936,,228,21,,,0
14019,'1489945',2016,,229,21,,,0
14019,'1489946',2056,,230,21,,,0
14019,'1489947',2136,,231,21,,,0
14019,'1489948',2216,,232,21,,,0
14019,'1492813',656,,577,21,,,0
14019,'1492814',736,,578,21,,,0
14019,'1492815',816,,579,21,,,0
14019,'1492816',856,,580,21,,,0
14019,'1492817',936,,581,21,,,0
14019,'1492818',1016,,582,21,,,0
14019,'1492819',1056,,583,21,,,0
14019,'1492820',1136,,584,21,,,0
14019,'1492821',1216,,585,21,,,0
14019,'1492822',1256,,586,21,,,0
14019,'1492823',1336,,587,21,,,0
14019,'1492824',1416,,588,21,,,0
14019,'1492825',1456,,589,21,,,0
14019,'1492826',1536,,590,21,,,0
14019,'1492827',1616,,591,21,,,0
14019,'1492828',1656,,592,21,,,0
14019,'1492829',1736,,593,21,,,0
14019,'1492830',1816,,594,21,,,0
14019,'1492831',1856,,595,21,,,0
14019,'1492832',1936,,596,21,,,0
14019,'1492833',2016,,597,21,,,0
14019,'1492834',2056,,598,21,,,0
14019,'1492835',2136,,599,21,,,0
14019,'1492836',2216,,600,21,,,0
14019,'1492837',816,,601,21,,,0
14019,'1492838',856,,602,21,,,0
14019,'1492839',936,,603,21,,,0
14019,'1492840',1016,,604,21,,,0
14019,'1492841',1056,,605,21,,,0
14019,'1492842',1136,,606,21,,,0
14019,'1492843',1216,,607,21,,,0
14019,'1492844',1256,,608,21,,,0
14019,'1492845',1336,,609,21,,,0
14019,'1492846',1416,,610,21,,,0
14019,'1492847',1456,,611,21,,,0
14019,'1492848',1536,,612,21,,,0
14019,'1492849',1616,,613,21,,,0
14019,'1492850',1656,,614,21,,,0
14019,'1492851',1736,,615,21,,,0
14019,'1492852',1816,,616,21,,,0
14019,'1492853',1856,,617,21,,,0
14019,'1492854',1936,,618,21,,,0
14019,'1492855',2016,,619,21,,,0
14019,'1492856',2056,,620,21,,,0
14019,'1492857',2136,,621,21,,,0
14019,'1492858',2216,,622,21,,,0
15019,'1483502',714,,623,48,,,0
15019,'1483503',814,,624,48,,,0
15019,'1483504',914,,625,48,,,0
15019,'1483505',1014,,626,48,,,0
15019,'1483506',1114,,627,48,,,0
15019,'1483507',1214,,628,48,,,0
15019,'1483508',1314,,629,48,,,0
15019,'1483509',1414,,630,48,,,0
15019,'1483510',1514,,631,48,,,0
15019,'1483511',1614,,632,48,,,0
15019,'1483512',1714,,633,48,,,0
15019,'1483513',1814,,634,48,,,0
15019,'1492757',1914,,635,48,,,0
15019,'1492758',2014,,636,48,,,0
15019,'1492759',2114,,637,48,,,0
15019,'1492760',2214,,638,48,,,0
15019,'1492761',914,,639,48,,,0
15019,'1492762',1014,,640,48,,,0
15019,'1492763',1114,,641,48,,,0
15019,'1492764',1214,,642,48,,,0
15019,'1492765',1314,,643,48,,,0
15019,'1492766',1414,,644,48,,,0
15019,'1492767',1514,,645,48,,,0
15019,'1492768',1614,,646,48,,,0
15019,'1492769',1714,,647,48,,,0
15019,'1492770',1814,,648,48,,,0
15019,'1492771',1914,,649,48,,,0
15019,'1492772',2014,,650,48,,,0
15019,'1492773',2114,,651,48,,,0
15019,'1492774',2214,,652,48,,,0
15019,'1492859',714,,653,48,,,0
15019,'1492860',814,,654,48,,,0
15019,'1492861',914,,655,48,,,0
15019,'1492862',1014,,656,48,,,0
15019,'1492863',1114,,657,48,,,0
15019,'1492864',1214,,658,48,,,0
15019,'1492865',1314,,659,48,,,0
15019,'1492866',1414,,660,48,,,0
15019,'1492867',1514,,661,48,,,0
15019,'1492868',1614,,662,48,,,0
15019,'1492869',1714,,663,48,,,0
15019,'1492870',1814,,664,48,,,0
