7019,'1482898',635,,111,10,0,8,0
7019,'1482899',755,,112,10,0,8,0
12019,'1482623',705,,170,10,0,8,0
12019,'1482624',805,,171,10,0,8,0
16019,'1497350',804,,1563,21,0,9 10,0
16019,'1497351',904,,1564,21,0,9 10,0
16019,'1497352',1004,,1565,21,0,9 10,0
16019,'1497353',1104,,1566,21,0,9 10,0
16019,'1497354',1204,,1567,21,0,9 10,0
16019,'1497355',1304,,1568,21,0,9 10,0
16019,'1497356',1404,,1569,21,0,9 10,0
16019,'1497357',1504,,1570,21,0,9 10,0
16019,'1497358',1604,,1571,21,0,9 10,0
16019,'1497359',1704,,1572,21,0,9 10,0
16019,'1497360',1804,,1573,21,0,9 10,0
16019,'1497361',904,,1574,21,0,9 10,0
16019,'1497362',1004,,1575,21,0,9 10,0
16019,'1497363',1104,,1576,21,0,9 10,0
16019,'1497364',1204,,1577,21,0,9 10,0
16019,'1497365',1304,,1578,21,0,9 10,0
16019,'1497366',1404,,1579,21,0,9 10,0
16019,'1497367',1504,,1580,21,0,9 10,0
16019,'1497368',1604,,1581,21,0,9 10,0
16019,'1497369',1704,,1582,21,0,9 10,0
16019,'1497370',1804,,1583,21,0,9 10,0
