7019,'1489971',648,,113,13,0,7,0
7019,'1489972',728,,114,13,0,7,0
7019,'1489973',808,,115,13,0,7,0
7019,'1489974',848,,116,13,0,7,0
7019,'1489975',928,,117,13,0,7,0
7019,'1489976',1008,,118,13,0,7,0
7019,'1489977',1048,,917,13,0,7,0
7019,'1489978',1128,,918,13,0,7,0
7019,'1489979',1208,,919,13,0,7,0
7019,'1489980',1248,,920,13,0,7,0
7019,'1489981',1328,,921,13,0,7,0
7019,'1489982',1408,,922,13,0,7,0
7019,'1489983',1448,,119,13,0,7,0
7019,'1489984',1528,,120,13,0,7,0
7019,'1489985',1608,,121,13,0,7,0
7019,'1489986',1648,,122,13,0,7,0
7019,'1489987',1728,,123,13,0,7,0
7019,'1489988',1808,,124,13,0,7,0
7019,'1489989',1848,,923,13,0,7,0
7019,'1489990',1928,,924,13,0,7,0
7019,'1489991',2008,,925,13,0,7,0
7019,'1489992',2048,,926,13,0,7,0
7019,'1489993',2128,,927,13,0,7,0
7019,'1489994',2208,,928,13,0,7,0
7019,'1489995',808,,125,13,0,7,0
7019,'1489996',848,,126,13,0,7,0
7019,'1489997',928,,127,13,0,7,0
7019,'1489998',1008,,128,13,0,7,0
7019,'1489999',1048,,129,13,0,7,0
7019,'1490000',1128,,130,13,0,7,0
7019,'1490001',1208,,131,13,0,7,0
7019,'1490002',1248,,132,13,0,7,0
7019,'1490003',1328,,133,13,0,7,0
7019,'1490004',1408,,134,13,0,7,0
7019,'1490005',1448,,135,13,0,7,0
7019,'1490006',1528,,136,13,0,7,0
7019,'1490007',1608,,137,13,0,7,0
7019,'1490008',1648,,138,13,0,7,0
7019,'1490009',1728,,139,13,0,7,0
7019,'1490010',1808,,140,13,0,7,0
7019,'1490011',1848,,929,13,0,7,0
7019,'1490012',1928,,930,13,0,7,0
7019,'1490013',2008,,931,13,0,7,0
7019,'1490014',2048,,932,13,0,7,0
7019,'1490015',2128,,933,13,0,7,0
7019,'1490016',2208,,934,13,0,7,0
