15019,'1492887',1836,,1660,10,,,0
15019,'1492888',1936,,1661,10,,,0
15019,'1492889',2036,,1662,10,,,0
15019,'1492890',2136,,1663,10,,,0
15019,'1495961',636,,1664,10,,,0
15019,'1495962',736,,1665,10,,,0
15019,'1495963',836,,1666,10,,,0
15019,'1495964',936,,1667,10,,,0
15019,'1495965',1036,,1668,10,,,0
15019,'1495966',1136,,1669,10,,,0
15019,'1495967',1236,,1670,10,,,0
15019,'1495968',1336,,1671,10,,,0
15019,'1495969',1436,,1672,10,,,0
15019,'1495970',1536,,1673,10,,,0
15019,'1495971',1636,,1674,10,,,0
15019,'1495972',1736,,1675,10,,,0
15019,'1497631',637,,1676,10,,,0
15019,'1497632',737,,1677,10,,,0
15019,'1497633',837,,1678,10,,,0
15019,'1497634',937,,1679,10,,,0
15019,'1497635',1037,,1680,10,,,0
15019,'1497636',1137,,1681,10,,,0
15019,'1497637',1237,,1682,10,,,0
15019,'1497638',1337,,1683,10,,,0
15019,'1497639',1437,,1684,10,,,0
15019,'1497640',1537,,1685,10,,,0
15019,'1497641',1637,,1686,10,,,0
15019,'1497642',1737,,1687,10,,,0
15019,'1497643',1837,,1688,10,,,0
15019,'1497644',1937,,1689,10,,,0
15019,'1497645',2037,,1690,10,,,0
15019,'1497646',2137,,1691,10,,,0
15019,'1497647',837,,1692,10,,,0
15019,'1497648',937,,1693,10,,,0
15019,'1497649',1037,,1694,10,,,0
15019,'1497650',1137,,1695,10,,,0
15019,'1497651',1237,,1696,10,,,0
15019,'1497652',1337,,1697,10,,,0
15019,'1497653',1437,,1698,10,,,0
15019,'1497654',1537,,1699,10,,,0
15019,'1497655',1637,,1700,10,,,0
15019,'1497656',1737,,1701,10,,,0
15019,'1497657',1837,,1702,10,,,0
15019,'1497658',1937,,1703,10,,,0
15019,'1497659',2037,,1704,10,,,0
15019,'1497660',2137,,1705,10,,,0
