66019,'1489865',825,,1047,18,,,0
66019,'1489866',855,,1048,18,,,0
66019,'1489867',925,,1049,18,,,0
66019,'1489868',955,,1050,18,,,0
66019,'1489869',1025,,1051,18,,,0
66019,'1489870',1055,,1052,18,,,0
66019,'1489871',1125,,1053,18,,,0
66019,'1489872',1155,,1054,18,,,0
66019,'1489873',1225,,1055,18,,,0
66019,'1489874',1255,,1056,18,,,0
66019,'1489875',1325,,1057,18,,,0
66019,'1489876',1355,,1058,18,,,0
66019,'1489877',1425,,1059,18,,,0
66019,'1489878',1455,,1060,18,,,0
66019,'1489879',1525,,1061,18,,,0
66019,'1489880',1555,,1062,18,,,0
66019,'1489881',1625,,1063,18,,,0
66019,'1489882',1655,,1064,18,,,0
66019,'1489883',1725,,1065,18,,,0
