15019,'1492887',1840,,1660,12,,,0
15019,'1492888',1940,,1661,12,,,0
15019,'1492889',2040,,1662,12,,,0
15019,'1492890',2140,,1663,12,,,0
15019,'1495961',640,,1664,12,,,0
15019,'1495962',740,,1665,12,,,0
15019,'1495963',840,,1666,12,,,0
15019,'1495964',940,,1667,12,,,0
15019,'1495965',1040,,1668,12,,,0
15019,'1495966',1140,,1669,12,,,0
15019,'1495967',1240,,1670,12,,,0
15019,'1495968',1340,,1671,12,,,0
15019,'1495969',1440,,1672,12,,,0
15019,'1495970',1540,,1673,12,,,0
15019,'1495971',1640,,1674,12,,,0
15019,'1495972',1740,,1675,12,,,0
15019,'1497631',640,,1676,12,,,0
15019,'1497632',740,,1677,12,,,0
15019,'1497633',840,,1678,12,,,0
15019,'1497634',940,,1679,12,,,0
15019,'1497635',1040,,1680,12,,,0
15019,'1497636',1140,,1681,12,,,0
15019,'1497637',1240,,1682,12,,,0
15019,'1497638',1340,,1683,12,,,0
15019,'1497639',1440,,1684,12,,,0
15019,'1497640',1540,,1685,12,,,0
15019,'1497641',1640,,1686,12,,,0
15019,'1497642',1740,,1687,12,,,0
15019,'1497643',1840,,1688,12,,,0
15019,'1497644',1940,,1689,12,,,0
15019,'1497645',2040,,1690,12,,,0
15019,'1497646',2140,,1691,12,,,0
15019,'1497647',840,,1692,12,,,0
15019,'1497648',940,,1693,12,,,0
15019,'1497649',1040,,1694,12,,,0
15019,'1497650',1140,,1695,12,,,0
15019,'1497651',1240,,1696,12,,,0
15019,'1497652',1340,,1697,12,,,0
15019,'1497653',1440,,1698,12,,,0
15019,'1497654',1540,,1699,12,,,0
15019,'1497655',1640,,1700,12,,,0
15019,'1497656',1740,,1701,12,,,0
15019,'1497657',1840,,1702,12,,,0
15019,'1497658',1940,,1703,12,,,0
15019,'1497659',2040,,1704,12,,,0
15019,'1497660',2140,,1705,12,,,0
