15019,'1492887',1901,,1660,36,,,0
15019,'1492888',2001,,1661,36,,,0
15019,'1492889',2101,,1662,36,,,0
15019,'1492890',2201,,1663,36,,,0
15019,'1495961',701,,1664,36,,,0
15019,'1495962',801,,1665,36,,,0
15019,'1495963',901,,1666,36,,,0
15019,'1495964',1001,,1667,36,,,0
15019,'1495965',1101,,1668,36,,,0
15019,'1495966',1201,,1669,36,,,0
15019,'1495967',1301,,1670,36,,,0
15019,'1495968',1401,,1671,36,,,0
15019,'1495969',1501,,1672,36,,,0
15019,'1495970',1601,,1673,36,,,0
15019,'1495971',1701,,1674,36,,,0
15019,'1495972',1801,,1675,36,,,0
15019,'1497631',701,,1676,36,,,0
15019,'1497632',801,,1677,36,,,0
15019,'1497633',901,,1678,36,,,0
15019,'1497634',1001,,1679,36,,,0
15019,'1497635',1101,,1680,36,,,0
15019,'1497636',1201,,1681,36,,,0
15019,'1497637',1301,,1682,36,,,0
15019,'1497638',1401,,1683,36,,,0
15019,'1497639',1501,,1684,36,,,0
15019,'1497640',1601,,1685,36,,,0
15019,'1497641',1701,,1686,36,,,0
15019,'1497642',1801,,1687,36,,,0
15019,'1497643',1901,,1688,36,,,0
15019,'1497644',2001,,1689,36,,,0
15019,'1497645',2101,,1690,36,,,0
15019,'1497646',2201,,1691,36,,,0
15019,'1497647',901,,1692,36,,,0
15019,'1497648',1001,,1693,36,,,0
15019,'1497649',1101,,1694,36,,,0
15019,'1497650',1201,,1695,36,,,0
15019,'1497651',1301,,1696,36,,,0
15019,'1497652',1401,,1697,36,,,0
15019,'1497653',1501,,1698,36,,,0
15019,'1497654',1601,,1699,36,,,0
15019,'1497655',1701,,1700,36,,,0
15019,'1497656',1801,,1701,36,,,0
15019,'1497657',1901,,1702,36,,,0
15019,'1497658',2001,,1703,36,,,0
15019,'1497659',2101,,1704,36,,,0
15019,'1497660',2201,,1705,36,,,0
