1019,'1482680',800,,3,5,0,18,0
1019,'1482681',840,,4,5,0,18,0
1019,'1482682',920,,5,5,0,18,0
1019,'1482683',1000,,6,5,0,18,0
1019,'1482684',1040,,7,5,0,18,0
1019,'1482685',1120,,8,5,0,18,0
1019,'1482686',1200,,9,5,0,18,0
1019,'1482687',1240,,10,5,0,18,0
1019,'1482688',1320,,11,5,0,18,0
1019,'1482689',1400,,12,5,0,18,0
1019,'1482690',1440,,13,5,0,18,0
1019,'1482691',1520,,14,5,0,18,0
1019,'1482692',1600,,15,5,0,18,0
1019,'1482693',1640,,16,5,0,18,0
1019,'1482694',1720,,17,5,0,18,0
1019,'1482695',1800,,18,5,0,18,0
1019,'1482696',1840,,19,5,0,18,0
1019,'1482697',1920,,20,5,0,18,0
1019,'1482698',2000,,21,5,0,18,0
1019,'1482699',2040,,22,5,0,18,0
1019,'1482700',2120,,23,5,0,18,0
1019,'1482701',2200,,24,5,0,18,0
2019,'1480619',622,,44,1,,,0
2019,'1486350',658,,1505,30,,,0
2019,'1486351',738,,1506,30,,,0
2019,'1486352',818,,1507,30,,,0
2019,'1486353',858,,1508,30,,,0
2019,'1486354',938,,1509,30,,,0
2019,'1486355',1018,,1510,30,,,0
2019,'1486356',1058,,1511,30,,,0
2019,'1486357',1138,,1512,30,,,0
2019,'1486358',1218,,1513,30,,,0
2019,'1486359',1258,,1514,30,,,0
2019,'1486360',1338,,1515,30,,,0
2019,'1486361',1418,,1516,30,,,0
2019,'1486362',1458,,1517,30,,,0
2019,'1486363',1538,,1518,30,,,0
2019,'1486364',1618,,1519,30,,,0
2019,'1486365',1658,,1520,30,,,0
2019,'1486366',1738,,1521,30,,,0
2019,'1486367',800,,1522,8,,,0
2019,'1486368',840,,1523,8,,,0
2019,'1486369',920,,1524,8,,,0
2019,'1486370',1000,,1525,8,,,0
2019,'1486371',1040,,1526,8,,,0
2019,'1486372',1120,,1527,8,,,0
2019,'1486373',1200,,1528,8,,,0
2019,'1486374',1240,,1529,8,,,0
2019,'1486375',1320,,1530,8,,,0
2019,'1486376',1400,,1531,8,,,0
2019,'1486377',1440,,1532,8,,,0
2019,'1486378',1520,,1533,8,,,0
2019,'1486379',1600,,1534,8,,,0
2019,'1486380',1640,,1535,8,,,0
2019,'1486381',1720,,1536,8,,,0
2019,'1486382',1800,,1537,8,,,0
2019,'1486958',1818,,1538,30,,,0
