19019,'1489098',651,,1214,16,,,0
19019,'1489099',731,,1215,16,,,0
19019,'1489100',811,,1216,16,,,0
19019,'1489101',851,,1217,16,,,0
19019,'1489102',931,,1218,16,,,0
19019,'1489103',1011,,1219,16,,,0
19019,'1489104',1051,,1220,16,,,0
19019,'1489105',1131,,1221,16,,,0
19019,'1489106',1211,,1222,16,,,0
19019,'1489107',1251,,1223,16,,,0
19019,'1489108',1331,,1224,16,,,0
19019,'1489109',1411,,1225,16,,,0
19019,'1489110',1451,,1226,16,,,0
19019,'1489111',1531,,1227,16,,,0
19019,'1489112',1611,,1228,16,,,0
19019,'1489113',1651,,1229,16,,,0
19019,'1489114',1731,,1230,16,,,0
19019,'1489115',1811,,1231,16,,,0
19019,'1489116',711,,1232,16,,,0
19019,'1489117',751,,1233,16,,,0
19019,'1489118',831,,1234,16,,,0
19019,'1489119',911,,1235,16,,,0
19019,'1489120',951,,1236,16,,,0
19019,'1489121',1031,,1237,16,,,0
19019,'1489122',1111,,1238,16,,,0
19019,'1489123',1151,,1239,16,,,0
19019,'1489124',1231,,1240,16,,,0
19019,'1489125',1311,,1241,16,,,0
19019,'1489126',1351,,1242,16,,,0
19019,'1489127',1431,,1243,16,,,0
19019,'1489128',1511,,1244,16,,,0
19019,'1489129',1551,,1245,16,,,0
19019,'1489130',1631,,1246,16,,,0
19019,'1489131',1711,,1247,16,,,0
19019,'1489132',1751,,1248,16,,,0
901019,'1490032',851,,1584,48,0,16 17,0
901019,'1490033',1011,,1585,48,0,16 17,0
901019,'1490034',1131,,1586,48,0,16 17,0
901019,'1490035',1251,,1587,48,0,16 17,0
901019,'1490036',1411,,1588,48,0,16 17,0
901019,'1490037',1531,,1589,48,0,16 17,0
901019,'1490038',1651,,1590,48,0,16 17,0
901019,'1490039',1811,,1591,48,0,16 17,0
901019,'1490040',1931,,1592,48,0,16 17,0
901019,'1490041',2051,,1593,48,0,16 17,0
901019,'1490042',2211,,1594,48,0,16 17,0
901019,'1497384',1931,,1607,48,0,16 17,0
901019,'1497385',2051,,1608,48,0,16 17,0
901019,'1497386',2211,,1609,48,0,16 17,0
902019,'1490054',1851,,1610,16,0,16 17,0
902019,'1490055',2011,,1611,16,0,16 17,0
902019,'1490056',2131,,1612,16,0,16 17,0
902019,'1490057',811,,1613,16,0,16 17,0
902019,'1490058',931,,1614,16,0,16 17,0
902019,'1490059',1051,,1615,16,0,16 17,0
902019,'1490060',1211,,1616,16,0,16 17,0
902019,'1490061',1331,,1617,16,0,16 17,0
902019,'1490062',1451,,1618,16,0,16 17,0
902019,'1490063',1611,,1619,16,0,16 17,0
902019,'1490064',1731,,1620,16,0,16 17,0
902019,'1490065',1851,,1621,16,0,16 17,0
902019,'1490066',2011,,1622,16,0,16 17,0
902019,'1490067',2131,,1623,16,0,16 17,0
