7019,'1482898',637,,111,12,0,8,0
7019,'1482899',757,,112,12,0,8,0
7019,'1489971',717,,113,42,0,7,0
7019,'1489972',757,,114,42,0,7,0
7019,'1489973',837,,115,42,0,7,0
7019,'1489974',917,,116,42,0,7,0
7019,'1489975',957,,117,42,0,7,0
7019,'1489976',1037,,118,42,0,7,0
7019,'1489977',1117,,917,42,0,7,0
7019,'1489978',1157,,918,42,0,7,0
7019,'1489979',1237,,919,42,0,7,0
7019,'1489980',1317,,920,42,0,7,0
7019,'1489981',1357,,921,42,0,7,0
7019,'1489982',1437,,922,42,0,7,0
7019,'1489983',1517,,119,42,0,7,0
7019,'1489984',1557,,120,42,0,7,0
7019,'1489985',1637,,121,42,0,7,0
7019,'1489986',1717,,122,42,0,7,0
7019,'1489987',1757,,123,42,0,7,0
7019,'1489988',1837,,124,42,0,7,0
7019,'1489989',1917,,923,42,0,7,0
7019,'1489990',1957,,924,42,0,7,0
7019,'1489991',2037,,925,42,0,7,0
7019,'1489992',2117,,926,42,0,7,0
7019,'1489993',2157,,927,42,0,7,0
7019,'1489994',2237,,928,42,0,7,0
7019,'1489995',837,,125,42,0,7,0
7019,'1489996',917,,126,42,0,7,0
7019,'1489997',957,,127,42,0,7,0
7019,'1489998',1037,,128,42,0,7,0
7019,'1489999',1117,,129,42,0,7,0
7019,'1490000',1157,,130,42,0,7,0
7019,'1490001',1237,,131,42,0,7,0
7019,'1490002',1317,,132,42,0,7,0
7019,'1490003',1357,,133,42,0,7,0
7019,'1490004',1437,,134,42,0,7,0
7019,'1490005',1517,,135,42,0,7,0
7019,'1490006',1557,,136,42,0,7,0
7019,'1490007',1637,,137,42,0,7,0
7019,'1490008',1717,,138,42,0,7,0
7019,'1490009',1757,,139,42,0,7,0
7019,'1490010',1837,,140,42,0,7,0
7019,'1490011',1917,,929,42,0,7,0
7019,'1490012',1957,,930,42,0,7,0
7019,'1490013',2037,,931,42,0,7,0
7019,'1490014',2117,,932,42,0,7,0
7019,'1490015',2157,,933,42,0,7,0
7019,'1490016',2237,,934,42,0,7,0
12019,'1482623',707,,170,12,0,8,0
12019,'1482624',807,,171,12,0,8,0
12019,'1488124',738,,1637,34,,,0
12019,'1488125',838,,1638,34,,,0
12019,'1488126',938,,1639,34,,,0
12019,'1488127',1038,,1640,34,,,0
12019,'1488128',1138,,1641,34,,,0
12019,'1488129',1238,,1642,34,,,0
12019,'1488130',1338,,1643,34,,,0
12019,'1488131',1438,,1644,34,,,0
12019,'1488132',1538,,1645,34,,,0
12019,'1488133',1638,,1646,34,,,0
12019,'1488134',1738,,1647,34,,,0
12019,'1488135',1838,,1648,34,,,0
12019,'1488136',838,,1649,34,,,0
12019,'1488137',938,,1650,34,,,0
12019,'1488138',1038,,1651,34,,,0
12019,'1488139',1138,,1652,34,,,0
12019,'1488140',1238,,1653,34,,,0
12019,'1488141',1338,,1654,34,,,0
12019,'1488142',1438,,1655,34,,,0
12019,'1488143',1538,,1656,34,,,0
12019,'1488144',1638,,1657,34,,,0
12019,'1488145',1738,,1658,34,,,0
12019,'1488146',1838,,1659,34,,,0
16019,'1497350',806,,1563,23,,,0
16019,'1497351',906,,1564,23,,,0
16019,'1497352',1006,,1565,23,,,0
16019,'1497353',1106,,1566,23,,,0
16019,'1497354',1206,,1567,23,,,0
16019,'1497355',1306,,1568,23,,,0
16019,'1497356',1406,,1569,23,,,0
16019,'1497357',1506,,1570,23,,,0
16019,'1497358',1606,,1571,23,,,0
16019,'1497359',1706,,1572,23,,,0
16019,'1497360',1806,,1573,23,,,0
16019,'1497361',906,,1574,23,,,0
16019,'1497362',1006,,1575,23,,,0
16019,'1497363',1106,,1576,23,,,0
16019,'1497364',1206,,1577,23,,,0
16019,'1497365',1306,,1578,23,,,0
16019,'1497366',1406,,1579,23,,,0
16019,'1497367',1506,,1580,23,,,0
16019,'1497368',1606,,1581,23,,,0
16019,'1497369',1706,,1582,23,,,0
16019,'1497370',1806,,1583,23,,,0
93019,'1497427',737,,1706,25,,,0
93019,'1497428',837,,1707,25,,,0
93019,'1497429',937,,1708,25,,,0
93019,'1497430',1037,,1709,25,,,0
93019,'1497431',1137,,1710,25,,,0
93019,'1497432',1237,,1711,25,,,0
93019,'1497433',1337,,1712,25,,,0
93019,'1497434',1437,,1713,25,,,0
93019,'1497435',1537,,1714,25,,,0
93019,'1497436',1637,,1715,25,,,0
93019,'1497437',1737,,1716,25,,,0
901019,'1490032',817,,1584,25,0,6,0
901019,'1490033',937,,1585,25,0,6,0
901019,'1490034',1057,,1586,25,0,6,0
901019,'1490035',1217,,1587,25,0,6,0
901019,'1490036',1337,,1588,25,0,6,0
901019,'1490037',1457,,1589,25,0,6,0
901019,'1490038',1617,,1590,25,0,6,0
901019,'1490039',1737,,1591,25,0,6,0
901019,'1490040',1857,,1592,25,0,6,0
901019,'1490041',2017,,1593,25,0,6,0
901019,'1490042',2137,,1594,25,0,6,0
901019,'1497372',657,,1595,25,0,6,0
901019,'1497373',757,,1596,25,0,6,0
901019,'1497374',857,,1597,25,0,6,0
901019,'1497375',957,,1598,25,0,6,0
901019,'1497376',1057,,1599,25,0,6,0
901019,'1497377',1157,,1600,25,0,6,0
901019,'1497378',1257,,1601,25,0,6,0
901019,'1497379',1357,,1602,25,0,6,0
901019,'1497380',1457,,1603,25,0,6,0
901019,'1497381',1557,,1604,25,0,6,0
901019,'1497382',1657,,1605,25,0,6,0
901019,'1497383',1757,,1606,25,0,6,0
901019,'1497384',1857,,1607,25,0,6,0
901019,'1497385',2017,,1608,25,0,6,0
901019,'1497386',2137,,1609,25,0,6,0
902019,'1490054',1937,,1610,51,0,6,0
902019,'1490055',2057,,1611,51,0,6,0
902019,'1490056',2217,,1612,51,0,6,0
902019,'1490057',857,,1613,51,0,6,0
902019,'1490058',1017,,1614,51,0,6,0
902019,'1490059',1137,,1615,51,0,6,0
902019,'1490060',1257,,1616,51,0,6,0
902019,'1490061',1417,,1617,51,0,6,0
902019,'1490062',1537,,1618,51,0,6,0
902019,'1490063',1657,,1619,51,0,6,0
902019,'1490064',1817,,1620,51,0,6,0
902019,'1490065',1937,,1621,51,0,6,0
902019,'1490066',2057,,1622,51,0,6,0
902019,'1490067',2217,,1623,51,0,6,0
902019,'1490068',1817,,1624,25,0,6,0
902019,'1497387',717,,1625,25,0,6,0
902019,'1497388',817,,1626,25,0,6,0
902019,'1497389',917,,1627,25,0,6,0
902019,'1497390',1017,,1628,25,0,6,0
902019,'1497391',1117,,1629,25,0,6,0
902019,'1497392',1217,,1630,25,0,6,0
902019,'1497393',1317,,1631,25,0,6,0
902019,'1497394',1417,,1632,25,0,6,0
902019,'1497395',1517,,1633,25,0,6,0
902019,'1497396',1617,,1634,25,0,6,0
902019,'1497397',1717,,1635,25,0,6,0
