12019,'1490514',733,,1540,28,0,12 13,0
12019,'1490515',833,,1541,28,0,12 13,0
12019,'1490516',933,,1542,28,0,12 13,0
12019,'1490517',1033,,1543,28,0,12 13,0
12019,'1490518',1133,,1544,28,0,12 13,0
12019,'1490519',1233,,1545,28,0,12 13,0
12019,'1490520',1333,,1546,28,0,12 13,0
12019,'1490521',1433,,1547,28,0,12 13,0
12019,'1490522',1533,,1548,28,0,12 13,0
12019,'1490523',1633,,1549,28,0,12 13,0
12019,'1490524',1733,,1550,28,0,12 13,0
12019,'1490525',1833,,1551,28,0,12 13,0
12019,'1490526',833,,1552,28,0,12 13,0
12019,'1490527',933,,1553,28,0,12 13,0
12019,'1490528',1033,,1554,28,0,12 13,0
12019,'1490529',1133,,1555,28,0,12 13,0
12019,'1490530',1233,,1556,28,0,12 13,0
12019,'1490531',1333,,1557,28,0,12 13,0
12019,'1490532',1433,,1558,28,0,12 13,0
12019,'1490533',1533,,1559,28,0,12 13,0
12019,'1490534',1633,,1560,28,0,12 13,0
12019,'1490535',1733,,1561,28,0,12 13,0
12019,'1490536',1833,,1562,28,0,12 13,0
