93019,'1497427',725,,1706,16,0,5,0
93019,'1497428',825,,1707,16,0,5,0
93019,'1497429',925,,1708,16,0,5,0
93019,'1497430',1025,,1709,16,0,5,0
93019,'1497431',1125,,1710,16,0,5,0
93019,'1497432',1225,,1711,16,0,5,0
93019,'1497433',1325,,1712,16,0,5,0
93019,'1497434',1425,,1713,16,0,5,0
93019,'1497435',1525,,1714,16,0,5,0
93019,'1497436',1625,,1715,16,0,5,0
93019,'1497437',1725,,1716,16,0,5,0
901019,'1490032',805,,1584,16,0,6,0
901019,'1490033',925,,1585,16,0,6,0
901019,'1490034',1045,,1586,16,0,6,0
901019,'1490035',1205,,1587,16,0,6,0
901019,'1490036',1325,,1588,16,0,6,0
901019,'1490037',1445,,1589,16,0,6,0
901019,'1490038',1605,,1590,16,0,6,0
901019,'1490039',1725,,1591,16,0,6,0
901019,'1490040',1845,,1592,16,0,6,0
901019,'1490041',2005,,1593,16,0,6,0
901019,'1490042',2125,,1594,16,0,6,0
901019,'1497372',645,,1595,16,,,0
901019,'1497373',745,,1596,16,,,0
901019,'1497374',845,,1597,16,,,0
901019,'1497375',945,,1598,16,,,0
901019,'1497376',1045,,1599,16,,,0
901019,'1497377',1145,,1600,16,,,0
901019,'1497378',1245,,1601,16,,,0
901019,'1497379',1345,,1602,16,,,0
901019,'1497380',1445,,1603,16,,,0
901019,'1497381',1545,,1604,16,,,0
901019,'1497382',1645,,1605,16,,,0
901019,'1497383',1745,,1606,16,,,0
901019,'1497384',1845,,1607,16,,,0
901019,'1497385',2005,,1608,16,,,0
901019,'1497386',2125,,1609,16,,,0
902019,'1490054',1925,,1610,42,,,0
902019,'1490055',2045,,1611,42,,,0
902019,'1490056',2205,,1612,42,,,0
902019,'1490057',845,,1613,42,,,0
902019,'1490058',1005,,1614,42,,,0
902019,'1490059',1125,,1615,42,,,0
902019,'1490060',1245,,1616,42,,,0
902019,'1490061',1405,,1617,42,,,0
902019,'1490062',1525,,1618,42,,,0
902019,'1490063',1645,,1619,42,,,0
902019,'1490064',1805,,1620,42,,,0
902019,'1490065',1925,,1621,42,,,0
902019,'1490066',2045,,1622,42,,,0
902019,'1490067',2205,,1623,42,,,0
902019,'1490068',1805,,1624,16,,,0
902019,'1497387',705,,1625,16,,,0
902019,'1497388',805,,1626,16,,,0
902019,'1497389',905,,1627,16,,,0
902019,'1497390',1005,,1628,16,,,0
902019,'1497391',1105,,1629,16,,,0
902019,'1497392',1205,,1630,16,,,0
902019,'1497393',1305,,1631,16,,,0
902019,'1497394',1405,,1632,16,,,0
902019,'1497395',1505,,1633,16,,,0
902019,'1497396',1605,,1634,16,,,0
902019,'1497397',1705,,1635,16,,,0
