14019,'1494878',635,,793,8,,,0,71,,793,34,,,0
14019,'1494879',715,,794,8,,,0,31,,794,34,,,0
14019,'1494880',755,,795,8,,,0,71,,795,34,,,0
14019,'1494881',835,,796,8,,,0,71,,796,34,,,0
14019,'1494882',915,,797,8,,,0,31,,797,34,,,0
14019,'1494883',955,,798,8,,,0,71,,798,34,,,0
14019,'1494884',1035,,799,8,,,0,71,,799,34,,,0
14019,'1494885',1115,,800,8,,,0,31,,800,34,,,0
14019,'1494886',1155,,801,8,,,0,71,,801,34,,,0
14019,'1494887',1235,,802,8,,,0,71,,802,34,,,0
14019,'1494888',1315,,803,8,,,0,31,,803,34,,,0
14019,'1494889',1355,,804,8,,,0,71,,804,34,,,0
14019,'1494890',1435,,805,8,,,0,71,,805,34,,,0
14019,'1494891',1515,,806,8,,,0,31,,806,34,,,0
14019,'1494892',1555,,807,8,,,0,71,,807,34,,,0
14019,'1494893',1635,,808,8,,,0,71,,808,34,,,0
14019,'1494894',1715,,809,8,,,0,31,,809,34,,,0
14019,'1494895',1755,,810,8,,,0,71,,810,34,,,0
14019,'1494896',1835,,811,8,,,0,71,,811,34,,,0
14019,'1494897',1915,,812,8,,,0,31,,812,34,,,0
14019,'1494898',1955,,813,8,,,0,71,,813,34,,,0
14019,'1494899',2035,,814,8,,,0,71,,814,34,,,0
14019,'1494900',2115,,815,8,,,0,31,,815,34,,,0
14019,'1494901',2155,,816,8,,,0,71,,816,34,,,0
14019,'1494902',755,,817,8,,,0,71,,817,34,,,0
14019,'1494903',835,,818,8,,,0,71,,818,34,,,0
14019,'1494904',915,,819,8,,,0,31,,819,34,,,0
14019,'1494905',955,,820,8,,,0,71,,820,34,,,0
14019,'1494906',1035,,821,8,,,0,71,,821,34,,,0
14019,'1494907',1115,,822,8,,,0,31,,822,34,,,0
14019,'1494908',1155,,823,8,,,0,71,,823,34,,,0
14019,'1494909',1235,,824,8,,,0,71,,824,34,,,0
14019,'1494910',1315,,825,8,,,0,31,,825,34,,,0
14019,'1494911',1355,,826,8,,,0,71,,826,34,,,0
14019,'1494912',1435,,827,8,,,0,71,,827,34,,,0
14019,'1494913',1515,,828,8,,,0,31,,828,34,,,0
14019,'1494914',1555,,829,8,,,0,71,,829,34,,,0
14019,'1494915',1635,,830,8,,,0,71,,830,34,,,0
14019,'1494916',1715,,831,8,,,0,31,,831,34,,,0
14019,'1494917',1755,,832,8,,,0,71,,832,34,,,0
14019,'1494918',1835,,833,8,,,0,71,,833,34,,,0
14019,'1494919',1915,,834,8,,,0,31,,834,34,,,0
14019,'1494920',1955,,835,8,,,0,71,,835,34,,,0
14019,'1494921',2035,,836,8,,,0,71,,836,34,,,0
14019,'1494922',2115,,837,8,,,0,31,,837,34,,,0
14019,'1494923',2155,,838,8,,,0,71,,838,34,,,0
