2019,'1480619',626,,44,7,,,0
2019,'1492775',704,,1425,36,,,0
2019,'1492776',744,,1426,36,,,0
2019,'1492777',824,,1427,36,,,0
2019,'1492778',904,,1428,36,,,0
2019,'1492779',944,,1429,36,,,0
2019,'1492780',1024,,1430,36,,,0
2019,'1492781',1104,,1431,36,,,0
2019,'1492782',1144,,1432,36,,,0
2019,'1492783',1224,,1433,36,,,0
2019,'1492784',1304,,1434,36,,,0
2019,'1492785',1344,,1435,36,,,0
2019,'1492786',1424,,1436,36,,,0
2019,'1492787',1504,,1437,36,,,0
2019,'1492788',1544,,1438,36,,,0
2019,'1492789',1624,,1439,36,,,0
2019,'1492790',1704,,1440,36,,,0
2019,'1492791',1744,,1441,36,,,0
2019,'1492792',1824,,1442,36,,,0
2019,'1495973',805,,1443,14,,,0
2019,'1495974',845,,1444,14,,,0
2019,'1495975',925,,1445,14,,,0
2019,'1495976',1005,,1446,14,,,0
2019,'1495977',1045,,1447,14,,,0
2019,'1495978',1125,,1448,14,,,0
2019,'1495979',1205,,1449,14,,,0
2019,'1495980',1245,,1450,14,,,0
2019,'1495981',1325,,1451,14,,,0
2019,'1495982',1405,,1452,14,,,0
2019,'1495983',1445,,1453,14,,,0
2019,'1495984',1525,,1454,14,,,0
2019,'1495985',1605,,1455,14,,,0
2019,'1495986',1645,,1456,14,,,0
2019,'1495987',1725,,1457,14,,,0
2019,'1495988',1805,,1458,14,,,0
