7019,'1489971',714,,113,38,0,7,0
7019,'1489972',754,,114,38,0,7,0
7019,'1489973',834,,115,38,0,7,0
7019,'1489974',914,,116,38,0,7,0
7019,'1489975',954,,117,38,0,7,0
7019,'1489976',1034,,118,38,0,7,0
7019,'1489977',1114,,917,38,0,7,0
7019,'1489978',1154,,918,38,0,7,0
7019,'1489979',1234,,919,38,0,7,0
7019,'1489980',1314,,920,38,0,7,0
7019,'1489981',1354,,921,38,0,7,0
7019,'1489982',1434,,922,38,0,7,0
7019,'1489983',1514,,119,38,0,7,0
7019,'1489984',1554,,120,38,0,7,0
7019,'1489985',1634,,121,38,0,7,0
7019,'1489986',1714,,122,38,0,7,0
7019,'1489987',1754,,123,38,0,7,0
7019,'1489988',1834,,124,38,0,7,0
7019,'1489989',1914,,923,38,0,7,0
7019,'1489990',1954,,924,38,0,7,0
7019,'1489991',2034,,925,38,0,7,0
7019,'1489992',2114,,926,38,0,7,0
7019,'1489993',2154,,927,38,0,7,0
7019,'1489994',2234,,928,38,0,7,0
7019,'1489995',834,,125,38,0,7,0
7019,'1489996',914,,126,38,0,7,0
7019,'1489997',954,,127,38,0,7,0
7019,'1489998',1034,,128,38,0,7,0
7019,'1489999',1114,,129,38,0,7,0
7019,'1490000',1154,,130,38,0,7,0
7019,'1490001',1234,,131,38,0,7,0
7019,'1490002',1314,,132,38,0,7,0
7019,'1490003',1354,,133,38,0,7,0
7019,'1490004',1434,,134,38,0,7,0
7019,'1490005',1514,,135,38,0,7,0
7019,'1490006',1554,,136,38,0,7,0
7019,'1490007',1634,,137,38,0,7,0
7019,'1490008',1714,,138,38,0,7,0
7019,'1490009',1754,,139,38,0,7,0
7019,'1490010',1834,,140,38,0,7,0
7019,'1490011',1914,,929,38,0,7,0
7019,'1490012',1954,,930,38,0,7,0
7019,'1490013',2034,,931,38,0,7,0
7019,'1490014',2114,,932,38,0,7,0
7019,'1490015',2154,,933,38,0,7,0
7019,'1490016',2234,,934,38,0,7,0
