93019,'1496012',744,,1295,31,,,0
93019,'1496013',844,,1296,31,,,0
93019,'1496014',944,,1297,31,,,0
93019,'1496015',1044,,1298,31,,,0
93019,'1496016',1144,,1299,31,,,0
93019,'1496017',1244,,1300,31,,,0
93019,'1496018',1344,,1301,31,,,0
93019,'1496019',1444,,1302,31,,,0
93019,'1496020',1544,,1303,31,,,0
93019,'1496021',1644,,1304,31,,,0
93019,'1496022',1744,,1305,31,,,0
901019,'1490032',824,,1584,31,0,16 17,0
901019,'1490033',944,,1585,31,0,16 17,0
901019,'1490034',1104,,1586,31,0,16 17,0
901019,'1490035',1224,,1587,31,0,16 17,0
901019,'1490036',1344,,1588,31,0,16 17,0
901019,'1490037',1504,,1589,31,0,16 17,0
901019,'1490038',1624,,1590,31,0,16 17,0
901019,'1490039',1744,,1591,31,0,16 17,0
901019,'1490040',1904,,1592,31,0,16 17,0
901019,'1490041',2024,,1593,31,0,16 17,0
901019,'1490042',2144,,1594,31,0,16 17,0
901019,'1497372',704,,1595,31,0,6,0
901019,'1497373',804,,1596,31,0,6,0
901019,'1497374',904,,1597,31,0,6,0
901019,'1497375',1004,,1598,31,0,6,0
901019,'1497376',1104,,1599,31,0,6,0
901019,'1497377',1204,,1600,31,0,6,0
901019,'1497378',1304,,1601,31,0,6,0
901019,'1497379',1404,,1602,31,0,6,0
901019,'1497380',1504,,1603,31,0,6,0
901019,'1497381',1604,,1604,31,0,6,0
901019,'1497382',1704,,1605,31,0,6,0
901019,'1497383',1804,,1606,31,0,6,0
901019,'1497384',1904,,1607,31,0,6,0
901019,'1497385',2024,,1608,31,0,6,0
901019,'1497386',2144,,1609,31,0,6,0
902019,'1490054',1944,,1610,57,0,6,0
902019,'1490055',2104,,1611,57,0,6,0
902019,'1490056',2224,,1612,57,0,6,0
902019,'1490057',904,,1613,57,0,6,0
902019,'1490058',1024,,1614,57,0,6,0
902019,'1490059',1144,,1615,57,0,6,0
902019,'1490060',1304,,1616,57,0,6,0
902019,'1490061',1424,,1617,57,0,6,0
902019,'1490062',1544,,1618,57,0,6,0
902019,'1490063',1704,,1619,57,0,6,0
902019,'1490064',1824,,1620,57,0,6,0
902019,'1490065',1944,,1621,57,0,6,0
902019,'1490066',2104,,1622,57,0,6,0
902019,'1490067',2224,,1623,57,0,6,0
902019,'1490068',1824,,1624,31,0,6,0
902019,'1497387',724,,1625,31,0,6,0
902019,'1497388',824,,1626,31,0,6,0
902019,'1497389',924,,1627,31,0,6,0
902019,'1497390',1024,,1628,31,0,6,0
902019,'1497391',1124,,1629,31,0,6,0
902019,'1497392',1224,,1630,31,0,6,0
902019,'1497393',1324,,1631,31,0,6,0
902019,'1497394',1424,,1632,31,0,6,0
902019,'1497395',1524,,1633,31,0,6,0
902019,'1497396',1624,,1634,31,0,6,0
902019,'1497397',1724,,1635,31,0,6,0
