7019,'1489971',704,,113,28,0,7,0
7019,'1489972',744,,114,28,0,7,0
7019,'1489973',824,,115,28,0,7,0
7019,'1489974',904,,116,28,0,7,0
7019,'1489975',944,,117,28,0,7,0
7019,'1489976',1024,,118,28,0,7,0
7019,'1489977',1104,,917,28,0,7,0
7019,'1489978',1144,,918,28,0,7,0
7019,'1489979',1224,,919,28,0,7,0
7019,'1489980',1304,,920,28,0,7,0
7019,'1489981',1344,,921,28,0,7,0
7019,'1489982',1424,,922,28,0,7,0
7019,'1489983',1504,,119,28,0,7,0
7019,'1489984',1544,,120,28,0,7,0
7019,'1489985',1624,,121,28,0,7,0
7019,'1489986',1704,,122,28,0,7,0
7019,'1489987',1744,,123,28,0,7,0
7019,'1489988',1824,,124,28,0,7,0
7019,'1489989',1904,,923,28,0,7,0
7019,'1489990',1944,,924,28,0,7,0
7019,'1489991',2024,,925,28,0,7,0
7019,'1489992',2104,,926,28,0,7,0
7019,'1489993',2144,,927,28,0,7,0
7019,'1489994',2224,,928,28,0,7,0
7019,'1489995',824,,125,28,0,7,0
7019,'1489996',904,,126,28,0,7,0
7019,'1489997',944,,127,28,0,7,0
7019,'1489998',1024,,128,28,0,7,0
7019,'1489999',1104,,129,28,0,7,0
7019,'1490000',1144,,130,28,0,7,0
7019,'1490001',1224,,131,28,0,7,0
7019,'1490002',1304,,132,28,0,7,0
7019,'1490003',1344,,133,28,0,7,0
7019,'1490004',1424,,134,28,0,7,0
7019,'1490005',1504,,135,28,0,7,0
7019,'1490006',1544,,136,28,0,7,0
7019,'1490007',1624,,137,28,0,7,0
7019,'1490008',1704,,138,28,0,7,0
7019,'1490009',1744,,139,28,0,7,0
7019,'1490010',1824,,140,28,0,7,0
7019,'1490011',1904,,929,28,0,7,0
7019,'1490012',1944,,930,28,0,7,0
7019,'1490013',2024,,931,28,0,7,0
7019,'1490014',2104,,932,28,0,7,0
7019,'1490015',2144,,933,28,0,7,0
7019,'1490016',2224,,934,28,0,7,0
