1019,'1482680',801,,3,8,0,18,0
1019,'1482681',841,,4,8,0,18,0
1019,'1482682',921,,5,8,0,18,0
1019,'1482683',1001,,6,8,0,18,0
1019,'1482684',1041,,7,8,0,18,0
1019,'1482685',1121,,8,8,0,18,0
1019,'1482686',1201,,9,8,0,18,0
1019,'1482687',1241,,10,8,0,18,0
1019,'1482688',1321,,11,8,0,18,0
1019,'1482689',1401,,12,8,0,18,0
1019,'1482690',1441,,13,8,0,18,0
1019,'1482691',1521,,14,8,0,18,0
1019,'1482692',1601,,15,8,0,18,0
1019,'1482693',1641,,16,8,0,18,0
1019,'1482694',1721,,17,8,0,18,0
1019,'1482695',1801,,18,8,0,18,0
1019,'1482696',1841,,19,8,0,18,0
1019,'1482697',1921,,20,8,0,18,0
1019,'1482698',2001,,21,8,0,18,0
1019,'1482699',2041,,22,8,0,18,0
1019,'1482700',2121,,23,8,0,18,0
1019,'1482701',2201,,24,8,0,18,0
2019,'1480619',623,,44,4,,,0
2019,'1486350',659,,775,33,,,0
2019,'1486351',739,,776,33,,,0
2019,'1486352',819,,777,33,,,0
2019,'1486353',859,,778,33,,,0
2019,'1486354',939,,779,33,,,0
2019,'1486355',1019,,780,33,,,0
2019,'1486356',1059,,781,33,,,0
2019,'1486357',1139,,782,33,,,0
2019,'1486358',1219,,783,33,,,0
2019,'1486359',1259,,784,33,,,0
2019,'1486360',1339,,785,33,,,0
2019,'1486361',1419,,786,33,,,0
2019,'1486362',1459,,787,33,,,0
2019,'1486363',1539,,788,33,,,0
2019,'1486364',1619,,789,33,,,0
2019,'1486365',1659,,790,33,,,0
2019,'1486366',1739,,791,33,,,0
2019,'1486367',801,,886,11,,,0
2019,'1486368',841,,887,11,,,0
2019,'1486369',921,,888,11,,,0
2019,'1486370',1001,,889,11,,,0
2019,'1486371',1041,,890,11,,,0
2019,'1486372',1121,,891,11,,,0
2019,'1486373',1201,,892,11,,,0
2019,'1486374',1241,,893,11,,,0
2019,'1486375',1321,,894,11,,,0
2019,'1486376',1401,,895,11,,,0
2019,'1486377',1441,,896,11,,,0
2019,'1486378',1521,,897,11,,,0
2019,'1486379',1601,,898,11,,,0
2019,'1486380',1641,,899,11,,,0
2019,'1486381',1721,,900,11,,,0
2019,'1486382',1801,,901,11,,,0
2019,'1486958',1819,,792,33,,,0
