1019,'1485865',640,,26,11,0,11,0
1019,'1485866',720,,27,11,0,11,0
1019,'1485867',800,,28,11,0,11,0
1019,'1485868',840,,29,11,0,11,0
1019,'1485869',920,,30,11,0,11,0
1019,'1485870',1000,,31,11,0,11,0
1019,'1485871',1040,,32,11,0,11,0
1019,'1485872',1120,,33,11,0,11,0
1019,'1485873',1200,,34,11,0,11,0
1019,'1485874',1240,,35,11,0,11,0
1019,'1485875',1320,,36,11,0,11,0
1019,'1485876',1400,,37,11,0,11,0
1019,'1485877',1440,,38,11,0,11,0
1019,'1485878',1520,,39,11,0,11,0
1019,'1485879',1600,,40,11,0,11,0
1019,'1485880',1640,,41,11,0,11,0
1019,'1485881',1720,,42,11,0,11,0
1019,'1485882',1800,,43,11,0,11,0
1019,'1485883',800,,869,11,0,11,0
1019,'1485884',840,,870,11,0,11,0
1019,'1485885',920,,871,11,0,11,0
1019,'1485886',1000,,872,11,0,11,0
1019,'1485887',1040,,873,11,0,11,0
1019,'1485888',1120,,874,11,0,11,0
1019,'1485889',1200,,875,11,0,11,0
1019,'1485890',1240,,876,11,0,11,0
1019,'1485891',1320,,877,11,0,11,0
1019,'1485892',1400,,878,11,0,11,0
1019,'1485893',1440,,879,11,0,11,0
1019,'1485894',1520,,880,11,0,11,0
1019,'1485895',1600,,881,11,0,11,0
1019,'1485896',1640,,882,11,0,11,0
1019,'1485897',1720,,883,11,0,11,0
1019,'1485898',1800,,884,11,0,11,0
3019,'1486792',823,,902,34,,,0
3019,'1486793',903,,903,34,,,0
3019,'1486794',943,,904,34,,,0
3019,'1486795',1023,,905,34,,,0
3019,'1486796',1103,,906,34,,,0
3019,'1486797',1143,,907,34,,,0
3019,'1486798',1223,,908,34,,,0
3019,'1486799',1303,,909,34,,,0
3019,'1486800',1343,,910,34,,,0
3019,'1486801',1423,,911,34,,,0
3019,'1486802',1503,,912,34,,,0
3019,'1486803',1543,,913,34,,,0
3019,'1486804',1623,,914,34,,,0
3019,'1486805',1703,,915,34,,,0
3019,'1494946',734,,916,6,,,0
10019,'1483448',640,,161,6,0,5,0
10019,'1483449',1520,,162,6,0,5,0
