20019,'1497182',652,,1459,18,,,0
20019,'1497183',732,,1460,18,,,0
20019,'1497184',812,,1461,18,,,0
20019,'1497185',852,,1462,18,,,0
20019,'1497186',932,,1463,18,,,0
20019,'1497187',1012,,1464,18,,,0
20019,'1497188',1052,,1465,18,,,0
20019,'1497189',1132,,1466,18,,,0
20019,'1497190',1212,,1467,18,,,0
20019,'1497191',1252,,1468,18,,,0
20019,'1497192',1332,,1469,18,,,0
20019,'1497193',1412,,1470,18,,,0
20019,'1497194',1452,,1471,18,,,0
20019,'1497195',1532,,1472,18,,,0
20019,'1497196',1612,,1473,18,,,0
20019,'1497197',1652,,1474,18,,,0
20019,'1497198',1732,,1475,18,,,0
20019,'1497199',1812,,1476,18,,,0
20019,'1497200',1852,,1477,18,,,0
20019,'1497201',1932,,1478,18,,,0
20019,'1497202',2012,,1479,18,,,0
20019,'1497203',2052,,1480,18,,,0
20019,'1497204',2132,,1481,18,,,0
20019,'1497205',2212,,1482,18,,,0
20019,'1497206',812,,1483,18,,,0
20019,'1497207',852,,1484,18,,,0
20019,'1497208',932,,1485,18,,,0
20019,'1497209',1012,,1486,18,,,0
20019,'1497210',1052,,1487,18,,,0
20019,'1497211',1132,,1488,18,,,0
20019,'1497212',1212,,1489,18,,,0
20019,'1497213',1252,,1490,18,,,0
20019,'1497214',1332,,1491,18,,,0
20019,'1497215',1412,,1492,18,,,0
20019,'1497216',1452,,1493,18,,,0
20019,'1497217',1532,,1494,18,,,0
20019,'1497218',1612,,1495,18,,,0
20019,'1497219',1652,,1496,18,,,0
20019,'1497220',1732,,1497,18,,,0
20019,'1497221',1812,,1498,18,,,0
20019,'1497222',1852,,1499,18,,,0
20019,'1497223',1932,,1500,18,,,0
20019,'1497224',2012,,1501,18,,,0
20019,'1497225',2052,,1502,18,,,0
20019,'1497226',2132,,1503,18,,,0
20019,'1497227',2212,,1504,18,,,0
