7019,'1489971',655,,113,20,0,7,0,47,,113,26,0,7,0
7019,'1489972',735,,114,20,0,7,0,7,,114,26,0,7,0
7019,'1489973',815,,115,20,0,7,0,7,,115,26,0,7,0
7019,'1489974',855,,116,20,0,7,0,47,,116,26,0,7,0
7019,'1489975',935,,117,20,0,7,0,7,,117,26,0,7,0
7019,'1489976',1015,,118,20,0,7,0,7,,118,26,0,7,0
7019,'1489977',1055,,917,20,0,7,0,47,,917,26,0,7,0
7019,'1489978',1135,,918,20,0,7,0,7,,918,26,0,7,0
7019,'1489979',1215,,919,20,0,7,0,7,,919,26,0,7,0
7019,'1489980',1255,,920,20,0,7,0,47,,920,26,0,7,0
7019,'1489981',1335,,921,20,0,7,0,7,,921,26,0,7,0
7019,'1489982',1415,,922,20,0,7,0,7,,922,26,0,7,0
7019,'1489983',1455,,119,20,0,7,0,47,,119,26,0,7,0
7019,'1489984',1535,,120,20,0,7,0,7,,120,26,0,7,0
7019,'1489985',1615,,121,20,0,7,0,7,,121,26,0,7,0
7019,'1489986',1655,,122,20,0,7,0,47,,122,26,0,7,0
7019,'1489987',1735,,123,20,0,7,0,7,,123,26,0,7,0
7019,'1489988',1815,,124,20,0,7,0,7,,124,26,0,7,0
7019,'1489989',1855,,923,20,0,7,0,47,,923,26,0,7,0
7019,'1489990',1935,,924,20,0,7,0,7,,924,26,0,7,0
7019,'1489991',2015,,925,20,0,7,0,7,,925,26,0,7,0
7019,'1489992',2055,,926,20,0,7,0,47,,926,26,0,7,0
7019,'1489993',2135,,927,20,0,7,0,7,,927,26,0,7,0
7019,'1489994',2215,,928,20,0,7,0,7,,928,26,0,7,0
7019,'1489995',815,,125,20,0,7,0,7,,125,26,0,7,0
7019,'1489996',855,,126,20,0,7,0,47,,126,26,0,7,0
7019,'1489997',935,,127,20,0,7,0,7,,127,26,0,7,0
7019,'1489998',1015,,128,20,0,7,0,7,,128,26,0,7,0
7019,'1489999',1055,,129,20,0,7,0,47,,129,26,0,7,0
7019,'1490000',1135,,130,20,0,7,0,7,,130,26,0,7,0
7019,'1490001',1215,,131,20,0,7,0,7,,131,26,0,7,0
7019,'1490002',1255,,132,20,0,7,0,47,,132,26,0,7,0
7019,'1490003',1335,,133,20,0,7,0,7,,133,26,0,7,0
7019,'1490004',1415,,134,20,0,7,0,7,,134,26,0,7,0
7019,'1490005',1455,,135,20,0,7,0,47,,135,26,0,7,0
7019,'1490006',1535,,136,20,0,7,0,7,,136,26,0,7,0
7019,'1490007',1615,,137,20,0,7,0,7,,137,26,0,7,0
7019,'1490008',1655,,138,20,0,7,0,47,,138,26,0,7,0
7019,'1490009',1735,,139,20,0,7,0,7,,139,26,0,7,0
7019,'1490010',1815,,140,20,0,7,0,7,,140,26,0,7,0
7019,'1490011',1855,,929,20,0,7,0,47,,929,26,0,7,0
7019,'1490012',1935,,930,20,0,7,0,7,,930,26,0,7,0
7019,'1490013',2015,,931,20,0,7,0,7,,931,26,0,7,0
7019,'1490014',2055,,932,20,0,7,0,47,,932,26,0,7,0
7019,'1490015',2135,,933,20,0,7,0,7,,933,26,0,7,0
7019,'1490016',2215,,934,20,0,7,0,7,,934,26,0,7,0
