12019,'1488124',722,,1637,15,0,12 13,0
12019,'1488125',822,,1638,15,0,12 13,0
12019,'1488126',922,,1639,15,0,12 13,0
12019,'1488127',1022,,1640,15,0,12 13,0
12019,'1488128',1122,,1641,15,0,12 13,0
12019,'1488129',1222,,1642,15,0,12 13,0
12019,'1488130',1322,,1643,15,0,12 13,0
12019,'1488131',1422,,1644,15,0,12 13,0
12019,'1488132',1522,,1645,15,0,12 13,0
12019,'1488133',1622,,1646,15,0,12 13,0
12019,'1488134',1722,,1647,15,0,12 13,0
12019,'1488135',1822,,1648,15,0,12 13,0
12019,'1488136',822,,1649,15,0,12 13,0
12019,'1488137',922,,1650,15,0,12 13,0
12019,'1488138',1022,,1651,15,0,12 13,0
12019,'1488139',1122,,1652,15,0,12 13,0
12019,'1488140',1222,,1653,15,0,12 13,0
12019,'1488141',1322,,1654,15,0,12 13,0
12019,'1488142',1422,,1655,15,0,12 13,0
12019,'1488143',1522,,1656,15,0,12 13,0
12019,'1488144',1622,,1657,15,0,12 13,0
12019,'1488145',1722,,1658,15,0,12 13,0
12019,'1488146',1822,,1659,15,0,12 13,0
