7019,'1489971',650,,113,14,0,7,0
7019,'1489972',730,,114,14,0,7,0
7019,'1489973',810,,115,14,0,7,0
7019,'1489974',850,,116,14,0,7,0
7019,'1489975',930,,117,14,0,7,0
7019,'1489976',1010,,118,14,0,7,0
7019,'1489977',1050,,917,14,0,7,0
7019,'1489978',1130,,918,14,0,7,0
7019,'1489979',1210,,919,14,0,7,0
7019,'1489980',1250,,920,14,0,7,0
7019,'1489981',1330,,921,14,0,7,0
7019,'1489982',1410,,922,14,0,7,0
7019,'1489983',1450,,119,14,0,7,0
7019,'1489984',1530,,120,14,0,7,0
7019,'1489985',1610,,121,14,0,7,0
7019,'1489986',1650,,122,14,0,7,0
7019,'1489987',1730,,123,14,0,7,0
7019,'1489988',1810,,124,14,0,7,0
7019,'1489989',1850,,923,14,0,7,0
7019,'1489990',1930,,924,14,0,7,0
7019,'1489991',2010,,925,14,0,7,0
7019,'1489992',2050,,926,14,0,7,0
7019,'1489993',2130,,927,14,0,7,0
7019,'1489994',2210,,928,14,0,7,0
7019,'1489995',810,,125,14,0,7,0
7019,'1489996',850,,126,14,0,7,0
7019,'1489997',930,,127,14,0,7,0
7019,'1489998',1010,,128,14,0,7,0
7019,'1489999',1050,,129,14,0,7,0
7019,'1490000',1130,,130,14,0,7,0
7019,'1490001',1210,,131,14,0,7,0
7019,'1490002',1250,,132,14,0,7,0
7019,'1490003',1330,,133,14,0,7,0
7019,'1490004',1410,,134,14,0,7,0
7019,'1490005',1450,,135,14,0,7,0
7019,'1490006',1530,,136,14,0,7,0
7019,'1490007',1610,,137,14,0,7,0
7019,'1490008',1650,,138,14,0,7,0
7019,'1490009',1730,,139,14,0,7,0
7019,'1490010',1810,,140,14,0,7,0
7019,'1490011',1850,,929,14,0,7,0
7019,'1490012',1930,,930,14,0,7,0
7019,'1490013',2010,,931,14,0,7,0
7019,'1490014',2050,,932,14,0,7,0
7019,'1490015',2130,,933,14,0,7,0
7019,'1490016',2210,,934,14,0,7,0
