12019,'1488124',731,,1637,26,0,12 13,0
12019,'1488125',831,,1638,26,0,12 13,0
12019,'1488126',931,,1639,26,0,12 13,0
12019,'1488127',1031,,1640,26,0,12 13,0
12019,'1488128',1131,,1641,26,0,12 13,0
12019,'1488129',1231,,1642,26,0,12 13,0
12019,'1488130',1331,,1643,26,0,12 13,0
12019,'1488131',1431,,1644,26,0,12 13,0
12019,'1488132',1531,,1645,26,0,12 13,0
12019,'1488133',1631,,1646,26,0,12 13,0
12019,'1488134',1731,,1647,26,0,12 13,0
12019,'1488135',1831,,1648,26,0,12 13,0
12019,'1488136',831,,1649,26,0,12 13,0
12019,'1488137',931,,1650,26,0,12 13,0
12019,'1488138',1031,,1651,26,0,12 13,0
12019,'1488139',1131,,1652,26,0,12 13,0
12019,'1488140',1231,,1653,26,0,12 13,0
12019,'1488141',1331,,1654,26,0,12 13,0
12019,'1488142',1431,,1655,26,0,12 13,0
12019,'1488143',1531,,1656,26,0,12 13,0
12019,'1488144',1631,,1657,26,0,12 13,0
12019,'1488145',1731,,1658,26,0,12 13,0
12019,'1488146',1831,,1659,26,0,12 13,0
