93019,'1497427',724,,1706,14,0,5,0
93019,'1497428',824,,1707,14,0,5,0
93019,'1497429',924,,1708,14,0,5,0
93019,'1497430',1024,,1709,14,0,5,0
93019,'1497431',1124,,1710,14,0,5,0
93019,'1497432',1224,,1711,14,0,5,0
93019,'1497433',1324,,1712,14,0,5,0
93019,'1497434',1424,,1713,14,0,5,0
93019,'1497435',1524,,1714,14,0,5,0
93019,'1497436',1624,,1715,14,0,5,0
93019,'1497437',1724,,1716,14,0,5,0
901019,'1490032',804,,1584,14,,,0
901019,'1490033',924,,1585,14,,,0
901019,'1490034',1044,,1586,14,,,0
901019,'1490035',1204,,1587,14,,,0
901019,'1490036',1324,,1588,14,,,0
901019,'1490037',1444,,1589,14,,,0
901019,'1490038',1604,,1590,14,,,0
901019,'1490039',1724,,1591,14,,,0
901019,'1490040',1844,,1592,14,,,0
901019,'1490041',2004,,1593,14,,,0
901019,'1490042',2124,,1594,14,,,0
901019,'1497372',644,,1595,14,,,0
901019,'1497373',744,,1596,14,,,0
901019,'1497374',844,,1597,14,,,0
901019,'1497375',944,,1598,14,,,0
901019,'1497376',1044,,1599,14,,,0
901019,'1497377',1144,,1600,14,,,0
901019,'1497378',1244,,1601,14,,,0
901019,'1497379',1344,,1602,14,,,0
901019,'1497380',1444,,1603,14,,,0
901019,'1497381',1544,,1604,14,,,0
901019,'1497382',1644,,1605,14,,,0
901019,'1497383',1744,,1606,14,,,0
901019,'1497384',1844,,1607,14,,,0
901019,'1497385',2004,,1608,14,,,0
901019,'1497386',2124,,1609,14,,,0
902019,'1490054',1924,,1610,40,,,0
902019,'1490055',2044,,1611,40,,,0
902019,'1490056',2204,,1612,40,,,0
902019,'1490057',844,,1613,40,,,0
902019,'1490058',1004,,1614,40,,,0
902019,'1490059',1124,,1615,40,,,0
902019,'1490060',1244,,1616,40,,,0
902019,'1490061',1404,,1617,40,,,0
902019,'1490062',1524,,1618,40,,,0
902019,'1490063',1644,,1619,40,,,0
902019,'1490064',1804,,1620,40,,,0
902019,'1490065',1924,,1621,40,,,0
902019,'1490066',2044,,1622,40,,,0
902019,'1490067',2204,,1623,40,,,0
902019,'1490068',1804,,1624,14,,,0
902019,'1497387',704,,1625,14,,,0
902019,'1497388',804,,1626,14,,,0
902019,'1497389',904,,1627,14,,,0
902019,'1497390',1004,,1628,14,,,0
902019,'1497391',1104,,1629,14,,,0
902019,'1497392',1204,,1630,14,,,0
902019,'1497393',1304,,1631,14,,,0
902019,'1497394',1404,,1632,14,,,0
902019,'1497395',1504,,1633,14,,,0
902019,'1497396',1604,,1634,14,,,0
902019,'1497397',1704,,1635,14,,,0
