1019,'1482680',757,,3,4,0,18,0
1019,'1482681',837,,4,4,0,18,0
1019,'1482682',917,,5,4,0,18,0
1019,'1482683',957,,6,4,0,18,0
1019,'1482684',1037,,7,4,0,18,0
1019,'1482685',1117,,8,4,0,18,0
1019,'1482686',1157,,9,4,0,18,0
1019,'1482687',1237,,10,4,0,18,0
1019,'1482688',1317,,11,4,0,18,0
1019,'1482689',1357,,12,4,0,18,0
1019,'1482690',1437,,13,4,0,18,0
1019,'1482691',1517,,14,4,0,18,0
1019,'1482692',1557,,15,4,0,18,0
1019,'1482693',1637,,16,4,0,18,0
1019,'1482694',1717,,17,4,0,18,0
1019,'1482695',1757,,18,4,0,18,0
1019,'1482696',1837,,19,4,0,18,0
1019,'1482697',1917,,20,4,0,18,0
1019,'1482698',1957,,21,4,0,18,0
1019,'1482699',2037,,22,4,0,18,0
1019,'1482700',2117,,23,4,0,18,0
1019,'1482701',2157,,24,4,0,18,0
16019,'1497350',750,,1563,10,0,9 10,0
16019,'1497351',850,,1564,10,0,9 10,0
16019,'1497352',950,,1565,10,0,9 10,0
16019,'1497353',1050,,1566,10,0,9 10,0
16019,'1497354',1150,,1567,10,0,9 10,0
16019,'1497355',1250,,1568,10,0,9 10,0
16019,'1497356',1350,,1569,10,0,9 10,0
16019,'1497357',1450,,1570,10,0,9 10,0
16019,'1497358',1550,,1571,10,0,9 10,0
16019,'1497359',1650,,1572,10,0,9 10,0
16019,'1497360',1750,,1573,10,0,9 10,0
16019,'1497361',850,,1574,10,0,9 10,0
16019,'1497362',950,,1575,10,0,9 10,0
16019,'1497363',1050,,1576,10,0,9 10,0
16019,'1497364',1150,,1577,10,0,9 10,0
16019,'1497365',1250,,1578,10,0,9 10,0
16019,'1497366',1350,,1579,10,0,9 10,0
16019,'1497367',1450,,1580,10,0,9 10,0
16019,'1497368',1550,,1581,10,0,9 10,0
16019,'1497369',1650,,1582,10,0,9 10,0
16019,'1497370',1750,,1583,10,0,9 10,0
