15019,'1492887',1850,,1660,24,,,0
15019,'1492888',1950,,1661,24,,,0
15019,'1492889',2050,,1662,24,,,0
15019,'1492890',2150,,1663,24,,,0
15019,'1495961',650,,1664,24,,,0
15019,'1495962',750,,1665,24,,,0
15019,'1495963',850,,1666,24,,,0
15019,'1495964',950,,1667,24,,,0
15019,'1495965',1050,,1668,24,,,0
15019,'1495966',1150,,1669,24,,,0
15019,'1495967',1250,,1670,24,,,0
15019,'1495968',1350,,1671,24,,,0
15019,'1495969',1450,,1672,24,,,0
15019,'1495970',1550,,1673,24,,,0
15019,'1495971',1650,,1674,24,,,0
15019,'1495972',1750,,1675,24,,,0
15019,'1497631',650,,1676,24,,,0
15019,'1497632',750,,1677,24,,,0
15019,'1497633',850,,1678,24,,,0
15019,'1497634',950,,1679,24,,,0
15019,'1497635',1050,,1680,24,,,0
15019,'1497636',1150,,1681,24,,,0
15019,'1497637',1250,,1682,24,,,0
15019,'1497638',1350,,1683,24,,,0
15019,'1497639',1450,,1684,24,,,0
15019,'1497640',1550,,1685,24,,,0
15019,'1497641',1650,,1686,24,,,0
15019,'1497642',1750,,1687,24,,,0
15019,'1497643',1850,,1688,24,,,0
15019,'1497644',1950,,1689,24,,,0
15019,'1497645',2050,,1690,24,,,0
15019,'1497646',2150,,1691,24,,,0
15019,'1497647',850,,1692,24,,,0
15019,'1497648',950,,1693,24,,,0
15019,'1497649',1050,,1694,24,,,0
15019,'1497650',1150,,1695,24,,,0
15019,'1497651',1250,,1696,24,,,0
15019,'1497652',1350,,1697,24,,,0
15019,'1497653',1450,,1698,24,,,0
15019,'1497654',1550,,1699,24,,,0
15019,'1497655',1650,,1700,24,,,0
15019,'1497656',1750,,1701,24,,,0
15019,'1497657',1850,,1702,24,,,0
15019,'1497658',1950,,1703,24,,,0
15019,'1497659',2050,,1704,24,,,0
15019,'1497660',2150,,1705,24,,,0
