2019,'1492775',653,,1425,25,,,0
2019,'1492776',733,,1426,25,,,0
2019,'1492777',813,,1427,25,,,0
2019,'1492778',853,,1428,25,,,0
2019,'1492779',933,,1429,25,,,0
2019,'1492780',1013,,1430,25,,,0
2019,'1492781',1053,,1431,25,,,0
2019,'1492782',1133,,1432,25,,,0
2019,'1492783',1213,,1433,25,,,0
2019,'1492784',1253,,1434,25,,,0
2019,'1492785',1333,,1435,25,,,0
2019,'1492786',1413,,1436,25,,,0
2019,'1492787',1453,,1437,25,,,0
2019,'1492788',1533,,1438,25,,,0
2019,'1492789',1613,,1439,25,,,0
2019,'1492790',1653,,1440,25,,,0
2019,'1492791',1733,,1441,25,,,0
2019,'1492792',1813,,1442,25,,,0
2019,'1495973',753,,1443,3,,,0
2019,'1495974',833,,1444,3,,,0
2019,'1495975',913,,1445,3,,,0
2019,'1495976',953,,1446,3,,,0
2019,'1495977',1033,,1447,3,,,0
2019,'1495978',1113,,1448,3,,,0
2019,'1495979',1153,,1449,3,,,0
2019,'1495980',1233,,1450,3,,,0
2019,'1495981',1313,,1451,3,,,0
2019,'1495982',1353,,1452,3,,,0
2019,'1495983',1433,,1453,3,,,0
2019,'1495984',1513,,1454,3,,,0
2019,'1495985',1553,,1455,3,,,0
2019,'1495986',1633,,1456,3,,,0
2019,'1495987',1713,,1457,3,,,0
2019,'1495988',1753,,1458,3,,,0
