1019,'1482680',820,,3,25,0,11,0
1019,'1482681',900,,4,25,0,11,0
1019,'1482682',940,,5,25,0,11,0
1019,'1482683',1020,,6,25,0,11,0
1019,'1482684',1100,,7,25,0,11,0
1019,'1482685',1140,,8,25,0,11,0
1019,'1482686',1220,,9,25,0,11,0
1019,'1482687',1300,,10,25,0,11,0
1019,'1482688',1340,,11,25,0,11,0
1019,'1482689',1420,,12,25,0,11,0
1019,'1482690',1500,,13,25,0,11,0
1019,'1482691',1540,,14,25,0,11,0
1019,'1482692',1620,,15,25,0,11,0
1019,'1482693',1700,,16,25,0,11,0
1019,'1482694',1740,,17,25,0,11,0
1019,'1482695',1820,,18,25,0,11,0
1019,'1482696',1900,,19,25,0,11,0
1019,'1482697',1940,,20,25,0,11,0
1019,'1482698',2020,,21,25,0,11,0
1019,'1482699',2100,,22,25,0,11,0
1019,'1482700',2140,,23,25,0,11,0
1019,'1482701',2220,,24,25,0,11,0
1019,'1485865',657,,26,28,0,11,0
1019,'1485866',737,,27,28,0,11,0
1019,'1485867',817,,28,28,0,11,0
1019,'1485868',857,,29,28,0,11,0
1019,'1485869',937,,30,28,0,11,0
1019,'1485870',1017,,31,28,0,11,0
1019,'1485871',1057,,32,28,0,11,0
1019,'1485872',1137,,33,28,0,11,0
1019,'1485873',1217,,34,28,0,11,0
1019,'1485874',1257,,35,28,0,11,0
1019,'1485875',1337,,36,28,0,11,0
1019,'1485876',1417,,37,28,0,11,0
1019,'1485877',1457,,38,28,0,11,0
1019,'1485878',1537,,39,28,0,11,0
1019,'1485879',1617,,40,28,0,11,0
1019,'1485880',1657,,41,28,0,11,0
1019,'1485881',1737,,42,28,0,11,0
1019,'1485882',1817,,43,28,0,11,0
1019,'1485883',813,,869,28,0,11,0
1019,'1485884',853,,870,28,0,11,0
1019,'1485885',933,,871,28,0,11,0
1019,'1485886',1013,,872,28,0,11,0
1019,'1485887',1053,,873,28,0,11,0
1019,'1485888',1133,,874,28,0,11,0
1019,'1485889',1213,,875,28,0,11,0
1019,'1485890',1253,,876,28,0,11,0
1019,'1485891',1333,,877,28,0,11,0
1019,'1485892',1413,,878,28,0,11,0
1019,'1485893',1453,,879,28,0,11,0
1019,'1485894',1533,,880,28,0,11,0
1019,'1485895',1613,,881,28,0,11,0
1019,'1485896',1653,,882,28,0,11,0
1019,'1485897',1733,,883,28,0,11,0
1019,'1485898',1813,,884,28,0,11,0
