1019,'1485865',638,,26,6,0,11,0
1019,'1485866',718,,27,6,0,11,0
1019,'1485867',758,,28,6,0,11,0
1019,'1485868',838,,29,6,0,11,0
1019,'1485869',918,,30,6,0,11,0
1019,'1485870',958,,31,6,0,11,0
1019,'1485871',1038,,32,6,0,11,0
1019,'1485872',1118,,33,6,0,11,0
1019,'1485873',1158,,34,6,0,11,0
1019,'1485874',1238,,35,6,0,11,0
1019,'1485875',1318,,36,6,0,11,0
1019,'1485876',1358,,37,6,0,11,0
1019,'1485877',1438,,38,6,0,11,0
1019,'1485878',1518,,39,6,0,11,0
1019,'1485879',1558,,40,6,0,11,0
1019,'1485880',1638,,41,6,0,11,0
1019,'1485881',1718,,42,6,0,11,0
1019,'1485882',1758,,43,6,0,11,0
1019,'1485883',758,,869,6,0,11,0
1019,'1485884',838,,870,6,0,11,0
1019,'1485885',918,,871,6,0,11,0
1019,'1485886',958,,872,6,0,11,0
1019,'1485887',1038,,873,6,0,11,0
1019,'1485888',1118,,874,6,0,11,0
1019,'1485889',1158,,875,6,0,11,0
1019,'1485890',1238,,876,6,0,11,0
1019,'1485891',1318,,877,6,0,11,0
1019,'1485892',1358,,878,6,0,11,0
1019,'1485893',1438,,879,6,0,11,0
1019,'1485894',1518,,880,6,0,11,0
1019,'1485895',1558,,881,6,0,11,0
1019,'1485896',1638,,882,6,0,11,0
1019,'1485897',1718,,883,6,0,11,0
1019,'1485898',1758,,884,6,0,11,0
3019,'1480544',732,,1636,1,,,0
3019,'1486996',817,,1149,29,,,0
3019,'1486997',857,,1150,29,,,0
3019,'1486998',937,,1151,29,,,0
3019,'1486999',1017,,1152,29,,,0
3019,'1487000',1057,,1153,29,,,0
3019,'1487001',1137,,1154,29,,,0
3019,'1487002',1217,,1155,29,,,0
3019,'1487003',1257,,1156,29,,,0
3019,'1487004',1337,,1157,29,,,0
3019,'1487005',1417,,1158,29,,,0
3019,'1487006',1457,,1159,29,,,0
3019,'1487007',1537,,1160,29,,,0
3019,'1487008',1617,,1161,29,,,0
3019,'1487009',1657,,1162,29,,,0
7019,'1482898',627,,111,1,0,8,0
7019,'1482899',747,,112,1,0,8,0
10019,'1483448',637,,161,1,0,5,0
10019,'1483449',1517,,162,1,0,5,0
12019,'1482623',657,,170,1,0,8,0
12019,'1482624',757,,171,1,0,8,0
16019,'1497350',755,,1563,12,0,9 10,0
16019,'1497351',855,,1564,12,0,9 10,0
16019,'1497352',955,,1565,12,0,9 10,0
16019,'1497353',1055,,1566,12,0,9 10,0
16019,'1497354',1155,,1567,12,0,9 10,0
16019,'1497355',1255,,1568,12,0,9 10,0
16019,'1497356',1355,,1569,12,0,9 10,0
16019,'1497357',1455,,1570,12,0,9 10,0
16019,'1497358',1555,,1571,12,0,9 10,0
16019,'1497359',1655,,1572,12,0,9 10,0
16019,'1497360',1755,,1573,12,0,9 10,0
16019,'1497361',855,,1574,12,0,9 10,0
16019,'1497362',955,,1575,12,0,9 10,0
16019,'1497363',1055,,1576,12,0,9 10,0
16019,'1497364',1155,,1577,12,0,9 10,0
16019,'1497365',1255,,1578,12,0,9 10,0
16019,'1497366',1355,,1579,12,0,9 10,0
16019,'1497367',1455,,1580,12,0,9 10,0
16019,'1497368',1555,,1581,12,0,9 10,0
16019,'1497369',1655,,1582,12,0,9 10,0
16019,'1497370',1755,,1583,12,0,9 10,0
