15019,'1492887',1902,,1660,40,,,0
15019,'1492888',2002,,1661,40,,,0
15019,'1492889',2102,,1662,40,,,0
15019,'1492890',2202,,1663,40,,,0
15019,'1495961',702,,1664,40,,,0
15019,'1495962',802,,1665,40,,,0
15019,'1495963',902,,1666,40,,,0
15019,'1495964',1002,,1667,40,,,0
15019,'1495965',1102,,1668,40,,,0
15019,'1495966',1202,,1669,40,,,0
15019,'1495967',1302,,1670,40,,,0
15019,'1495968',1402,,1671,40,,,0
15019,'1495969',1502,,1672,40,,,0
15019,'1495970',1602,,1673,40,,,0
15019,'1495971',1702,,1674,40,,,0
15019,'1495972',1802,,1675,40,,,0
15019,'1497631',702,,1676,40,,,0
15019,'1497632',802,,1677,40,,,0
15019,'1497633',902,,1678,40,,,0
15019,'1497634',1002,,1679,40,,,0
15019,'1497635',1102,,1680,40,,,0
15019,'1497636',1202,,1681,40,,,0
15019,'1497637',1302,,1682,40,,,0
15019,'1497638',1402,,1683,40,,,0
15019,'1497639',1502,,1684,40,,,0
15019,'1497640',1602,,1685,40,,,0
15019,'1497641',1702,,1686,40,,,0
15019,'1497642',1802,,1687,40,,,0
15019,'1497643',1902,,1688,40,,,0
15019,'1497644',2002,,1689,40,,,0
15019,'1497645',2102,,1690,40,,,0
15019,'1497646',2202,,1691,40,,,0
15019,'1497647',902,,1692,40,,,0
15019,'1497648',1002,,1693,40,,,0
15019,'1497649',1102,,1694,40,,,0
15019,'1497650',1202,,1695,40,,,0
15019,'1497651',1302,,1696,40,,,0
15019,'1497652',1402,,1697,40,,,0
15019,'1497653',1502,,1698,40,,,0
15019,'1497654',1602,,1699,40,,,0
15019,'1497655',1702,,1700,40,,,0
15019,'1497656',1802,,1701,40,,,0
15019,'1497657',1902,,1702,40,,,0
15019,'1497658',2002,,1703,40,,,0
15019,'1497659',2102,,1704,40,,,0
15019,'1497660',2202,,1705,40,,,0
