14019,'1489925',638,,209,12,,,0,65,,209,28,,,0
14019,'1489926',718,,210,12,,,0,25,,210,28,,,0
14019,'1489927',758,,211,12,,,0,65,,211,28,,,0
14019,'1489928',838,,212,12,,,0,65,,212,28,,,0
14019,'1489929',918,,213,12,,,0,25,,213,28,,,0
14019,'1489930',958,,214,12,,,0,65,,214,28,,,0
14019,'1489931',1038,,215,12,,,0,65,,215,28,,,0
14019,'1489932',1118,,216,12,,,0,25,,216,28,,,0
14019,'1489933',1158,,217,12,,,0,65,,217,28,,,0
14019,'1489934',1238,,218,12,,,0,65,,218,28,,,0
14019,'1489935',1318,,219,12,,,0,25,,219,28,,,0
14019,'1489936',1358,,220,12,,,0,65,,220,28,,,0
14019,'1489937',1438,,221,12,,,0,65,,221,28,,,0
14019,'1489938',1518,,222,12,,,0,25,,222,28,,,0
14019,'1489939',1558,,223,12,,,0,65,,223,28,,,0
14019,'1489940',1638,,224,12,,,0,65,,224,28,,,0
14019,'1489941',1718,,225,12,,,0,25,,225,28,,,0
14019,'1489942',1758,,226,12,,,0,65,,226,28,,,0
14019,'1489943',1838,,227,12,,,0,65,,227,28,,,0
14019,'1489944',1918,,228,12,,,0,25,,228,28,,,0
14019,'1489945',1958,,229,12,,,0,65,,229,28,,,0
14019,'1489946',2038,,230,12,,,0,65,,230,28,,,0
14019,'1489947',2118,,231,12,,,0,25,,231,28,,,0
14019,'1489948',2158,,232,12,,,0,65,,232,28,,,0
14019,'1492813',638,,577,12,,,0,65,,577,29,,,0
14019,'1492814',718,,578,12,,,0,25,,578,29,,,0
14019,'1492815',758,,579,12,,,0,65,,579,29,,,0
14019,'1492816',838,,580,12,,,0,65,,580,29,,,0
14019,'1492817',918,,581,12,,,0,25,,581,29,,,0
14019,'1492818',958,,582,12,,,0,65,,582,29,,,0
14019,'1492819',1038,,583,12,,,0,65,,583,29,,,0
14019,'1492820',1118,,584,12,,,0,25,,584,29,,,0
14019,'1492821',1158,,585,12,,,0,65,,585,29,,,0
14019,'1492822',1238,,586,12,,,0,65,,586,29,,,0
14019,'1492823',1318,,587,12,,,0,25,,587,29,,,0
14019,'1492824',1358,,588,12,,,0,65,,588,29,,,0
14019,'1492825',1438,,589,12,,,0,65,,589,29,,,0
14019,'1492826',1518,,590,12,,,0,25,,590,29,,,0
14019,'1492827',1558,,591,12,,,0,65,,591,29,,,0
14019,'1492828',1638,,592,12,,,0,65,,592,29,,,0
14019,'1492829',1718,,593,12,,,0,25,,593,29,,,0
14019,'1492830',1758,,594,12,,,0,65,,594,29,,,0
14019,'1492831',1838,,595,12,,,0,65,,595,29,,,0
14019,'1492832',1918,,596,12,,,0,25,,596,29,,,0
14019,'1492833',1958,,597,12,,,0,65,,597,29,,,0
14019,'1492834',2038,,598,12,,,0,65,,598,29,,,0
14019,'1492835',2118,,599,12,,,0,25,,599,29,,,0
14019,'1492836',2158,,600,12,,,0,65,,600,29,,,0
14019,'1492837',758,,601,12,,,0,65,,601,29,,,0
14019,'1492838',838,,602,12,,,0,65,,602,29,,,0
14019,'1492839',918,,603,12,,,0,25,,603,29,,,0
14019,'1492840',958,,604,12,,,0,65,,604,29,,,0
14019,'1492841',1038,,605,12,,,0,65,,605,29,,,0
14019,'1492842',1118,,606,12,,,0,25,,606,29,,,0
14019,'1492843',1158,,607,12,,,0,65,,607,29,,,0
14019,'1492844',1238,,608,12,,,0,65,,608,29,,,0
14019,'1492845',1318,,609,12,,,0,25,,609,29,,,0
14019,'1492846',1358,,610,12,,,0,65,,610,29,,,0
14019,'1492847',1438,,611,12,,,0,65,,611,29,,,0
14019,'1492848',1518,,612,12,,,0,25,,612,29,,,0
14019,'1492849',1558,,613,12,,,0,65,,613,29,,,0
14019,'1492850',1638,,614,12,,,0,65,,614,29,,,0
14019,'1492851',1718,,615,12,,,0,25,,615,29,,,0
14019,'1492852',1758,,616,12,,,0,65,,616,29,,,0
14019,'1492853',1838,,617,12,,,0,65,,617,29,,,0
14019,'1492854',1918,,618,12,,,0,25,,618,29,,,0
14019,'1492855',1958,,619,12,,,0,65,,619,29,,,0
14019,'1492856',2038,,620,12,,,0,65,,620,29,,,0
14019,'1492857',2118,,621,12,,,0,25,,621,29,,,0
14019,'1492858',2158,,622,12,,,0,65,,622,29,,,0
