1019,'1483501',747,,25,8,0,18,0
2019,'1483532',747,,885,8,,,0
2019,'1486350',644,,1505,20,,,0
2019,'1486351',724,,1506,20,,,0
2019,'1486352',804,,1507,20,,,0
2019,'1486353',844,,1508,20,,,0
2019,'1486354',924,,1509,20,,,0
2019,'1486355',1004,,1510,20,,,0
2019,'1486356',1044,,1511,20,,,0
2019,'1486357',1124,,1512,20,,,0
2019,'1486358',1204,,1513,20,,,0
2019,'1486359',1244,,1514,20,,,0
2019,'1486360',1324,,1515,20,,,0
2019,'1486361',1404,,1516,20,,,0
2019,'1486362',1444,,1517,20,,,0
2019,'1486363',1524,,1518,20,,,0
2019,'1486364',1604,,1519,20,,,0
2019,'1486365',1644,,1520,20,,,0
2019,'1486366',1724,,1521,20,,,0
2019,'1486367',824,,1522,37,,,0
2019,'1486368',904,,1523,37,,,0
2019,'1486369',944,,1524,37,,,0
2019,'1486370',1024,,1525,37,,,0
2019,'1486371',1104,,1526,37,,,0
2019,'1486372',1144,,1527,37,,,0
2019,'1486373',1224,,1528,37,,,0
2019,'1486374',1304,,1529,37,,,0
2019,'1486375',1344,,1530,37,,,0
2019,'1486376',1424,,1531,37,,,0
2019,'1486377',1504,,1532,37,,,0
2019,'1486378',1544,,1533,37,,,0
2019,'1486379',1624,,1534,37,,,0
2019,'1486380',1704,,1535,37,,,0
2019,'1486381',1744,,1536,37,,,0
2019,'1486382',1824,,1537,37,,,0
2019,'1486958',1804,,1538,20,,,0
3019,'1486996',755,,1149,12,,,0
3019,'1486997',845,,1150,12,,,0
3019,'1486998',925,,1151,12,,,0
3019,'1486999',1005,,1152,12,,,0
3019,'1487000',1045,,1153,12,,,0
3019,'1487001',1125,,1154,12,,,0
3019,'1487002',1205,,1155,12,,,0
3019,'1487003',1245,,1156,12,,,0
3019,'1487004',1325,,1157,12,,,0
3019,'1487005',1405,,1158,12,,,0
3019,'1487006',1445,,1159,12,,,0
3019,'1487007',1525,,1160,12,,,0
3019,'1487008',1605,,1161,12,,,0
3019,'1487009',1645,,1162,12,,,0
4019,'1480746',625,,63,4,,,0
4019,'1480747',745,,64,4,,,0
