15019,'1492887',1845,,1660,15,,,0
15019,'1492888',1945,,1661,15,,,0
15019,'1492889',2045,,1662,15,,,0
15019,'1492890',2145,,1663,15,,,0
15019,'1495961',645,,1664,15,,,0
15019,'1495962',745,,1665,15,,,0
15019,'1495963',845,,1666,15,,,0
15019,'1495964',945,,1667,15,,,0
15019,'1495965',1045,,1668,15,,,0
15019,'1495966',1145,,1669,15,,,0
15019,'1495967',1245,,1670,15,,,0
15019,'1495968',1345,,1671,15,,,0
15019,'1495969',1445,,1672,15,,,0
15019,'1495970',1545,,1673,15,,,0
15019,'1495971',1645,,1674,15,,,0
15019,'1495972',1745,,1675,15,,,0
15019,'1497631',644,,1676,15,,,0
15019,'1497632',744,,1677,15,,,0
15019,'1497633',844,,1678,15,,,0
15019,'1497634',944,,1679,15,,,0
15019,'1497635',1044,,1680,15,,,0
15019,'1497636',1144,,1681,15,,,0
15019,'1497637',1244,,1682,15,,,0
15019,'1497638',1344,,1683,15,,,0
15019,'1497639',1444,,1684,15,,,0
15019,'1497640',1544,,1685,15,,,0
15019,'1497641',1644,,1686,15,,,0
15019,'1497642',1744,,1687,15,,,0
15019,'1497643',1844,,1688,15,,,0
15019,'1497644',1944,,1689,15,,,0
15019,'1497645',2044,,1690,15,,,0
15019,'1497646',2144,,1691,15,,,0
15019,'1497647',844,,1692,15,,,0
15019,'1497648',944,,1693,15,,,0
15019,'1497649',1044,,1694,15,,,0
15019,'1497650',1144,,1695,15,,,0
15019,'1497651',1244,,1696,15,,,0
15019,'1497652',1344,,1697,15,,,0
15019,'1497653',1444,,1698,15,,,0
15019,'1497654',1544,,1699,15,,,0
15019,'1497655',1644,,1700,15,,,0
15019,'1497656',1744,,1701,15,,,0
15019,'1497657',1844,,1702,15,,,0
15019,'1497658',1944,,1703,15,,,0
15019,'1497659',2044,,1704,15,,,0
15019,'1497660',2144,,1705,15,,,0
