14019,'1494878',645,,793,19,,,0
14019,'1494879',725,,794,19,,,0
14019,'1494880',805,,795,19,,,0
14019,'1494881',845,,796,19,,,0
14019,'1494882',925,,797,19,,,0
14019,'1494883',1005,,798,19,,,0
14019,'1494884',1045,,799,19,,,0
14019,'1494885',1125,,800,19,,,0
14019,'1494886',1205,,801,19,,,0
14019,'1494887',1245,,802,19,,,0
14019,'1494888',1325,,803,19,,,0
14019,'1494889',1405,,804,19,,,0
14019,'1494890',1445,,805,19,,,0
14019,'1494891',1525,,806,19,,,0
14019,'1494892',1605,,807,19,,,0
14019,'1494893',1645,,808,19,,,0
14019,'1494894',1725,,809,19,,,0
14019,'1494895',1805,,810,19,,,0
14019,'1494896',1845,,811,19,,,0
14019,'1494897',1925,,812,19,,,0
14019,'1494898',2005,,813,19,,,0
14019,'1494899',2045,,814,19,,,0
14019,'1494900',2125,,815,19,,,0
14019,'1494901',2205,,816,19,,,0
14019,'1494902',805,,817,19,,,0
14019,'1494903',845,,818,19,,,0
14019,'1494904',925,,819,19,,,0
14019,'1494905',1005,,820,19,,,0
14019,'1494906',1045,,821,19,,,0
14019,'1494907',1125,,822,19,,,0
14019,'1494908',1205,,823,19,,,0
14019,'1494909',1245,,824,19,,,0
14019,'1494910',1325,,825,19,,,0
14019,'1494911',1405,,826,19,,,0
14019,'1494912',1445,,827,19,,,0
14019,'1494913',1525,,828,19,,,0
14019,'1494914',1605,,829,19,,,0
14019,'1494915',1645,,830,19,,,0
14019,'1494916',1725,,831,19,,,0
14019,'1494917',1805,,832,19,,,0
14019,'1494918',1845,,833,19,,,0
14019,'1494919',1925,,834,19,,,0
14019,'1494920',2005,,835,19,,,0
14019,'1494921',2045,,836,19,,,0
14019,'1494922',2125,,837,19,,,0
14019,'1494923',2205,,838,19,,,0
