66019,'1491659',823,,744,17,,,0
66019,'1491660',853,,745,17,,,0
66019,'1491661',923,,746,17,,,0
66019,'1491662',953,,747,17,,,0
66019,'1491663',1023,,748,17,,,0
66019,'1491664',1053,,749,17,,,0
66019,'1491665',1123,,750,17,,,0
66019,'1491666',1153,,751,17,,,0
66019,'1491667',1223,,752,17,,,0
66019,'1491668',1253,,753,17,,,0
66019,'1491669',1323,,754,17,,,0
66019,'1491670',1353,,755,17,,,0
66019,'1491671',1423,,756,17,,,0
66019,'1491672',1453,,757,17,,,0
66019,'1491673',1523,,758,17,,,0
66019,'1491674',1553,,759,17,,,0
66019,'1491675',1623,,760,17,,,0
66019,'1491676',1653,,761,17,,,0
66019,'1491677',1723,,762,17,,,0
