14019,'1492813',643,,577,17,,,0
14019,'1492814',723,,578,17,,,0
14019,'1492815',803,,579,17,,,0
14019,'1492816',843,,580,17,,,0
14019,'1492817',923,,581,17,,,0
14019,'1492818',1003,,582,17,,,0
14019,'1492819',1043,,583,17,,,0
14019,'1492820',1123,,584,17,,,0
14019,'1492821',1203,,585,17,,,0
14019,'1492822',1243,,586,17,,,0
14019,'1492823',1323,,587,17,,,0
14019,'1492824',1403,,588,17,,,0
14019,'1492825',1443,,589,17,,,0
14019,'1492826',1523,,590,17,,,0
14019,'1492827',1603,,591,17,,,0
14019,'1492828',1643,,592,17,,,0
14019,'1492829',1723,,593,17,,,0
14019,'1492830',1803,,594,17,,,0
14019,'1492831',1843,,595,17,,,0
14019,'1492832',1923,,596,17,,,0
14019,'1492833',2003,,597,17,,,0
14019,'1492834',2043,,598,17,,,0
14019,'1492835',2123,,599,17,,,0
14019,'1492836',2203,,600,17,,,0
14019,'1492837',803,,601,17,,,0
14019,'1492838',843,,602,17,,,0
14019,'1492839',923,,603,17,,,0
14019,'1492840',1003,,604,17,,,0
14019,'1492841',1043,,605,17,,,0
14019,'1492842',1123,,606,17,,,0
14019,'1492843',1203,,607,17,,,0
14019,'1492844',1243,,608,17,,,0
14019,'1492845',1323,,609,17,,,0
14019,'1492846',1403,,610,17,,,0
14019,'1492847',1443,,611,17,,,0
14019,'1492848',1523,,612,17,,,0
14019,'1492849',1603,,613,17,,,0
14019,'1492850',1643,,614,17,,,0
14019,'1492851',1723,,615,17,,,0
14019,'1492852',1803,,616,17,,,0
14019,'1492853',1843,,617,17,,,0
14019,'1492854',1923,,618,17,,,0
14019,'1492855',2003,,619,17,,,0
14019,'1492856',2043,,620,17,,,0
14019,'1492857',2123,,621,17,,,0
14019,'1492858',2203,,622,17,,,0
