7019,'1482898',629,,111,4,0,8,0
7019,'1482899',749,,112,4,0,8,0
12019,'1482623',659,,170,4,0,8,0
12019,'1482624',759,,171,4,0,8,0
16019,'1497350',757,,1563,15,0,9 10,0
16019,'1497351',857,,1564,15,0,9 10,0
16019,'1497352',957,,1565,15,0,9 10,0
16019,'1497353',1057,,1566,15,0,9 10,0
16019,'1497354',1157,,1567,15,0,9 10,0
16019,'1497355',1257,,1568,15,0,9 10,0
16019,'1497356',1357,,1569,15,0,9 10,0
16019,'1497357',1457,,1570,15,0,9 10,0
16019,'1497358',1557,,1571,15,0,9 10,0
16019,'1497359',1657,,1572,15,0,9 10,0
16019,'1497360',1757,,1573,15,0,9 10,0
16019,'1497361',857,,1574,15,0,9 10,0
16019,'1497362',957,,1575,15,0,9 10,0
16019,'1497363',1057,,1576,15,0,9 10,0
16019,'1497364',1157,,1577,15,0,9 10,0
16019,'1497365',1257,,1578,15,0,9 10,0
16019,'1497366',1357,,1579,15,0,9 10,0
16019,'1497367',1457,,1580,15,0,9 10,0
16019,'1497368',1557,,1581,15,0,9 10,0
16019,'1497369',1657,,1582,15,0,9 10,0
16019,'1497370',1757,,1583,15,0,9 10,0
