15019,'1492887',1903,,1660,41,,,0
15019,'1492888',2003,,1661,41,,,0
15019,'1492889',2103,,1662,41,,,0
15019,'1492890',2203,,1663,41,,,0
15019,'1495961',703,,1664,41,,,0
15019,'1495962',803,,1665,41,,,0
15019,'1495963',903,,1666,41,,,0
15019,'1495964',1003,,1667,41,,,0
15019,'1495965',1103,,1668,41,,,0
15019,'1495966',1203,,1669,41,,,0
15019,'1495967',1303,,1670,41,,,0
15019,'1495968',1403,,1671,41,,,0
15019,'1495969',1503,,1672,41,,,0
15019,'1495970',1603,,1673,41,,,0
15019,'1495971',1703,,1674,41,,,0
15019,'1495972',1803,,1675,41,,,0
15019,'1497631',703,,1676,41,,,0
15019,'1497632',803,,1677,41,,,0
15019,'1497633',903,,1678,41,,,0
15019,'1497634',1003,,1679,41,,,0
15019,'1497635',1103,,1680,41,,,0
15019,'1497636',1203,,1681,41,,,0
15019,'1497637',1303,,1682,41,,,0
15019,'1497638',1403,,1683,41,,,0
15019,'1497639',1503,,1684,41,,,0
15019,'1497640',1603,,1685,41,,,0
15019,'1497641',1703,,1686,41,,,0
15019,'1497642',1803,,1687,41,,,0
15019,'1497643',1903,,1688,41,,,0
15019,'1497644',2003,,1689,41,,,0
15019,'1497645',2103,,1690,41,,,0
15019,'1497646',2203,,1691,41,,,0
15019,'1497647',903,,1692,41,,,0
15019,'1497648',1003,,1693,41,,,0
15019,'1497649',1103,,1694,41,,,0
15019,'1497650',1203,,1695,41,,,0
15019,'1497651',1303,,1696,41,,,0
15019,'1497652',1403,,1697,41,,,0
15019,'1497653',1503,,1698,41,,,0
15019,'1497654',1603,,1699,41,,,0
15019,'1497655',1703,,1700,41,,,0
15019,'1497656',1803,,1701,41,,,0
15019,'1497657',1903,,1702,41,,,0
15019,'1497658',2003,,1703,41,,,0
15019,'1497659',2103,,1704,41,,,0
15019,'1497660',2203,,1705,41,,,0
