7019,'1489971',707,,113,32,0,7,0
7019,'1489972',747,,114,32,0,7,0
7019,'1489973',827,,115,32,0,7,0
7019,'1489974',907,,116,32,0,7,0
7019,'1489975',947,,117,32,0,7,0
7019,'1489976',1027,,118,32,0,7,0
7019,'1489977',1107,,917,32,0,7,0
7019,'1489978',1147,,918,32,0,7,0
7019,'1489979',1227,,919,32,0,7,0
7019,'1489980',1307,,920,32,0,7,0
7019,'1489981',1347,,921,32,0,7,0
7019,'1489982',1427,,922,32,0,7,0
7019,'1489983',1507,,119,32,0,7,0
7019,'1489984',1547,,120,32,0,7,0
7019,'1489985',1627,,121,32,0,7,0
7019,'1489986',1707,,122,32,0,7,0
7019,'1489987',1747,,123,32,0,7,0
7019,'1489988',1827,,124,32,0,7,0
7019,'1489989',1907,,923,32,0,7,0
7019,'1489990',1947,,924,32,0,7,0
7019,'1489991',2027,,925,32,0,7,0
7019,'1489992',2107,,926,32,0,7,0
7019,'1489993',2147,,927,32,0,7,0
7019,'1489994',2227,,928,32,0,7,0
7019,'1489995',827,,125,32,0,7,0
7019,'1489996',907,,126,32,0,7,0
7019,'1489997',947,,127,32,0,7,0
7019,'1489998',1027,,128,32,0,7,0
7019,'1489999',1107,,129,32,0,7,0
7019,'1490000',1147,,130,32,0,7,0
7019,'1490001',1227,,131,32,0,7,0
7019,'1490002',1307,,132,32,0,7,0
7019,'1490003',1347,,133,32,0,7,0
7019,'1490004',1427,,134,32,0,7,0
7019,'1490005',1507,,135,32,0,7,0
7019,'1490006',1547,,136,32,0,7,0
7019,'1490007',1627,,137,32,0,7,0
7019,'1490008',1707,,138,32,0,7,0
7019,'1490009',1747,,139,32,0,7,0
7019,'1490010',1827,,140,32,0,7,0
7019,'1490011',1907,,929,32,0,7,0
7019,'1490012',1947,,930,32,0,7,0
7019,'1490013',2027,,931,32,0,7,0
7019,'1490014',2107,,932,32,0,7,0
7019,'1490015',2147,,933,32,0,7,0
7019,'1490016',2227,,934,32,0,7,0
