93019,'1496012',734,,1295,21,,,0
93019,'1496013',834,,1296,21,,,0
93019,'1496014',934,,1297,21,,,0
93019,'1496015',1034,,1298,21,,,0
93019,'1496016',1134,,1299,21,,,0
93019,'1496017',1234,,1300,21,,,0
93019,'1496018',1334,,1301,21,,,0
93019,'1496019',1434,,1302,21,,,0
93019,'1496020',1534,,1303,21,,,0
93019,'1496021',1634,,1304,21,,,0
93019,'1496022',1734,,1305,21,,,0
901019,'1490032',814,,1584,21,0,6,0
901019,'1490033',934,,1585,21,0,6,0
901019,'1490034',1054,,1586,21,0,6,0
901019,'1490035',1214,,1587,21,0,6,0
901019,'1490036',1334,,1588,21,0,6,0
901019,'1490037',1454,,1589,21,0,6,0
901019,'1490038',1614,,1590,21,0,6,0
901019,'1490039',1734,,1591,21,0,6,0
901019,'1490040',1854,,1592,21,0,6,0
901019,'1490041',2014,,1593,21,0,6,0
901019,'1490042',2134,,1594,21,0,6,0
901019,'1497372',654,,1595,21,0,6,0
901019,'1497373',754,,1596,21,0,6,0
901019,'1497374',854,,1597,21,0,6,0
901019,'1497375',954,,1598,21,0,6,0
901019,'1497376',1054,,1599,21,0,6,0
901019,'1497377',1154,,1600,21,0,6,0
901019,'1497378',1254,,1601,21,0,6,0
901019,'1497379',1354,,1602,21,0,6,0
901019,'1497380',1454,,1603,21,0,6,0
901019,'1497381',1554,,1604,21,0,6,0
901019,'1497382',1654,,1605,21,0,6,0
901019,'1497383',1754,,1606,21,0,6,0
901019,'1497384',1854,,1607,21,0,6,0
901019,'1497385',2014,,1608,21,0,6,0
901019,'1497386',2134,,1609,21,0,6,0
902019,'1490054',1934,,1610,47,0,6,0
902019,'1490055',2054,,1611,47,0,6,0
902019,'1490056',2214,,1612,47,0,6,0
902019,'1490057',854,,1613,47,0,6,0
902019,'1490058',1014,,1614,47,0,6,0
902019,'1490059',1134,,1615,47,0,6,0
902019,'1490060',1254,,1616,47,0,6,0
902019,'1490061',1414,,1617,47,0,6,0
902019,'1490062',1534,,1618,47,0,6,0
902019,'1490063',1654,,1619,47,0,6,0
902019,'1490064',1814,,1620,47,0,6,0
902019,'1490065',1934,,1621,47,0,6,0
902019,'1490066',2054,,1622,47,0,6,0
902019,'1490067',2214,,1623,47,0,6,0
902019,'1490068',1814,,1624,21,0,6,0
902019,'1497387',714,,1625,21,0,6,0
902019,'1497388',814,,1626,21,0,6,0
902019,'1497389',914,,1627,21,0,6,0
902019,'1497390',1014,,1628,21,0,6,0
902019,'1497391',1114,,1629,21,0,6,0
902019,'1497392',1214,,1630,21,0,6,0
902019,'1497393',1314,,1631,21,0,6,0
902019,'1497394',1414,,1632,21,0,6,0
902019,'1497395',1514,,1633,21,0,6,0
902019,'1497396',1614,,1634,21,0,6,0
902019,'1497397',1714,,1635,21,0,6,0
