15019,'1492887',1927,,1660,56,,,0
15019,'1492888',2027,,1661,56,,,0
15019,'1492889',2127,,1662,56,,,0
15019,'1492890',2227,,1663,56,,,0
15019,'1495961',727,,1664,56,,,0
15019,'1495962',827,,1665,56,,,0
15019,'1495963',927,,1666,56,,,0
15019,'1495964',1027,,1667,56,,,0
15019,'1495965',1127,,1668,56,,,0
15019,'1495966',1227,,1669,56,,,0
15019,'1495967',1327,,1670,56,,,0
15019,'1495968',1427,,1671,56,,,0
15019,'1495969',1527,,1672,56,,,0
15019,'1495970',1627,,1673,56,,,0
15019,'1495971',1727,,1674,56,,,0
15019,'1495972',1827,,1675,56,,,0
15019,'1497631',727,,1676,56,,,0
15019,'1497632',827,,1677,56,,,0
15019,'1497633',927,,1678,56,,,0
15019,'1497634',1027,,1679,56,,,0
15019,'1497635',1127,,1680,56,,,0
15019,'1497636',1227,,1681,56,,,0
15019,'1497637',1327,,1682,56,,,0
15019,'1497638',1427,,1683,56,,,0
15019,'1497639',1527,,1684,56,,,0
15019,'1497640',1627,,1685,56,,,0
15019,'1497641',1727,,1686,56,,,0
15019,'1497642',1827,,1687,56,,,0
15019,'1497643',1927,,1688,56,,,0
15019,'1497644',2027,,1689,56,,,0
15019,'1497645',2127,,1690,56,,,0
15019,'1497646',2227,,1691,56,,,0
15019,'1497647',927,,1692,56,,,0
15019,'1497648',1027,,1693,56,,,0
15019,'1497649',1127,,1694,56,,,0
15019,'1497650',1227,,1695,56,,,0
15019,'1497651',1327,,1696,56,,,0
15019,'1497652',1427,,1697,56,,,0
15019,'1497653',1527,,1698,56,,,0
15019,'1497654',1627,,1699,56,,,0
15019,'1497655',1727,,1700,56,,,0
15019,'1497656',1827,,1701,56,,,0
15019,'1497657',1927,,1702,56,,,0
15019,'1497658',2027,,1703,56,,,0
15019,'1497659',2127,,1704,56,,,0
15019,'1497660',2227,,1705,56,,,0
19019,'1489098',707,,1214,27,,,0
19019,'1489099',747,,1215,27,,,0
19019,'1489100',827,,1216,27,,,0
19019,'1489101',907,,1217,27,,,0
19019,'1489102',947,,1218,27,,,0
19019,'1489103',1027,,1219,27,,,0
19019,'1489104',1107,,1220,27,,,0
19019,'1489105',1147,,1221,27,,,0
19019,'1489106',1227,,1222,27,,,0
19019,'1489107',1307,,1223,27,,,0
19019,'1489108',1347,,1224,27,,,0
19019,'1489109',1427,,1225,27,,,0
19019,'1489110',1507,,1226,27,,,0
19019,'1489111',1547,,1227,27,,,0
19019,'1489112',1627,,1228,27,,,0
19019,'1489113',1707,,1229,27,,,0
19019,'1489114',1747,,1230,27,,,0
19019,'1489115',1827,,1231,27,,,0
19019,'1489116',727,,1232,27,,,0
19019,'1489117',807,,1233,27,,,0
19019,'1489118',847,,1234,27,,,0
19019,'1489119',927,,1235,27,,,0
19019,'1489120',1007,,1236,27,,,0
19019,'1489121',1047,,1237,27,,,0
19019,'1489122',1127,,1238,27,,,0
19019,'1489123',1207,,1239,27,,,0
19019,'1489124',1247,,1240,27,,,0
19019,'1489125',1327,,1241,27,,,0
19019,'1489126',1407,,1242,27,,,0
19019,'1489127',1447,,1243,27,,,0
19019,'1489128',1527,,1244,27,,,0
19019,'1489129',1607,,1245,27,,,0
19019,'1489130',1647,,1246,27,,,0
19019,'1489131',1727,,1247,27,,,0
19019,'1489132',1807,,1248,27,,,0
901019,'1480871',628,,454,10,0,6,0
901019,'1480872',748,,455,10,0,6,0
