1019,'1482680',800,,3,6,0,18,0
1019,'1482681',840,,4,6,0,18,0
1019,'1482682',920,,5,6,0,18,0
1019,'1482683',1000,,6,6,0,18,0
1019,'1482684',1040,,7,6,0,18,0
1019,'1482685',1120,,8,6,0,18,0
1019,'1482686',1200,,9,6,0,18,0
1019,'1482687',1240,,10,6,0,18,0
1019,'1482688',1320,,11,6,0,18,0
1019,'1482689',1400,,12,6,0,18,0
1019,'1482690',1440,,13,6,0,18,0
1019,'1482691',1520,,14,6,0,18,0
1019,'1482692',1600,,15,6,0,18,0
1019,'1482693',1640,,16,6,0,18,0
1019,'1482694',1720,,17,6,0,18,0
1019,'1482695',1800,,18,6,0,18,0
1019,'1482696',1840,,19,6,0,18,0
1019,'1482697',1920,,20,6,0,18,0
1019,'1482698',2000,,21,6,0,18,0
1019,'1482699',2040,,22,6,0,18,0
1019,'1482700',2120,,23,6,0,18,0
1019,'1482701',2200,,24,6,0,18,0
2019,'1480619',622,,44,2,,,0
2019,'1486350',658,,1505,31,,,0
2019,'1486351',738,,1506,31,,,0
2019,'1486352',818,,1507,31,,,0
2019,'1486353',858,,1508,31,,,0
2019,'1486354',938,,1509,31,,,0
2019,'1486355',1018,,1510,31,,,0
2019,'1486356',1058,,1511,31,,,0
2019,'1486357',1138,,1512,31,,,0
2019,'1486358',1218,,1513,31,,,0
2019,'1486359',1258,,1514,31,,,0
2019,'1486360',1338,,1515,31,,,0
2019,'1486361',1418,,1516,31,,,0
2019,'1486362',1458,,1517,31,,,0
2019,'1486363',1538,,1518,31,,,0
2019,'1486364',1618,,1519,31,,,0
2019,'1486365',1658,,1520,31,,,0
2019,'1486366',1738,,1521,31,,,0
2019,'1486367',800,,1522,9,,,0
2019,'1486368',840,,1523,9,,,0
2019,'1486369',920,,1524,9,,,0
2019,'1486370',1000,,1525,9,,,0
2019,'1486371',1040,,1526,9,,,0
2019,'1486372',1120,,1527,9,,,0
2019,'1486373',1200,,1528,9,,,0
2019,'1486374',1240,,1529,9,,,0
2019,'1486375',1320,,1530,9,,,0
2019,'1486376',1400,,1531,9,,,0
2019,'1486377',1440,,1532,9,,,0
2019,'1486378',1520,,1533,9,,,0
2019,'1486379',1600,,1534,9,,,0
2019,'1486380',1640,,1535,9,,,0
2019,'1486381',1720,,1536,9,,,0
2019,'1486382',1800,,1537,9,,,0
2019,'1486958',1818,,1538,31,,,0
