16019,'1497350',748,,1563,7,0,9 10,0
16019,'1497351',848,,1564,7,0,9 10,0
16019,'1497352',948,,1565,7,0,9 10,0
16019,'1497353',1048,,1566,7,0,9 10,0
16019,'1497354',1148,,1567,7,0,9 10,0
16019,'1497355',1248,,1568,7,0,9 10,0
16019,'1497356',1348,,1569,7,0,9 10,0
16019,'1497357',1448,,1570,7,0,9 10,0
16019,'1497358',1548,,1571,7,0,9 10,0
16019,'1497359',1648,,1572,7,0,9 10,0
16019,'1497360',1748,,1573,7,0,9 10,0
16019,'1497361',848,,1574,7,0,9 10,0
16019,'1497362',948,,1575,7,0,9 10,0
16019,'1497363',1048,,1576,7,0,9 10,0
16019,'1497364',1148,,1577,7,0,9 10,0
16019,'1497365',1248,,1578,7,0,9 10,0
16019,'1497366',1348,,1579,7,0,9 10,0
16019,'1497367',1448,,1580,7,0,9 10,0
16019,'1497368',1548,,1581,7,0,9 10,0
16019,'1497369',1648,,1582,7,0,9 10,0
16019,'1497370',1748,,1583,7,0,9 10,0
