12019,'1490514',735,,1540,30,0,12 13,0
12019,'1490515',835,,1541,30,0,12 13,0
12019,'1490516',935,,1542,30,0,12 13,0
12019,'1490517',1035,,1543,30,0,12 13,0
12019,'1490518',1135,,1544,30,0,12 13,0
12019,'1490519',1235,,1545,30,0,12 13,0
12019,'1490520',1335,,1546,30,0,12 13,0
12019,'1490521',1435,,1547,30,0,12 13,0
12019,'1490522',1535,,1548,30,0,12 13,0
12019,'1490523',1635,,1549,30,0,12 13,0
12019,'1490524',1735,,1550,30,0,12 13,0
12019,'1490525',1835,,1551,30,0,12 13,0
12019,'1490526',835,,1552,30,0,12 13,0
12019,'1490527',935,,1553,30,0,12 13,0
12019,'1490528',1035,,1554,30,0,12 13,0
12019,'1490529',1135,,1555,30,0,12 13,0
12019,'1490530',1235,,1556,30,0,12 13,0
12019,'1490531',1335,,1557,30,0,12 13,0
12019,'1490532',1435,,1558,30,0,12 13,0
12019,'1490533',1535,,1559,30,0,12 13,0
12019,'1490534',1635,,1560,30,0,12 13,0
12019,'1490535',1735,,1561,30,0,12 13,0
12019,'1490536',1835,,1562,30,0,12 13,0
