20019,'1492422',647,,1249,15,,,0
20019,'1492423',727,,1250,15,,,0
20019,'1492424',807,,1251,15,,,0
20019,'1492425',847,,1252,15,,,0
20019,'1492426',927,,1253,15,,,0
20019,'1492427',1007,,1254,15,,,0
20019,'1492428',1047,,1255,15,,,0
20019,'1492429',1127,,1256,15,,,0
20019,'1492430',1207,,1257,15,,,0
20019,'1492431',1247,,1258,15,,,0
20019,'1492432',1327,,1259,15,,,0
20019,'1492433',1407,,1260,15,,,0
20019,'1492434',1447,,1261,15,,,0
20019,'1492435',1527,,1262,15,,,0
20019,'1492436',1607,,1263,15,,,0
20019,'1492437',1647,,1264,15,,,0
20019,'1492438',1727,,1265,15,,,0
20019,'1492439',1807,,1266,15,,,0
20019,'1492440',807,,1267,15,,,0
20019,'1492441',847,,1268,15,,,0
20019,'1492442',927,,1269,15,,,0
20019,'1492443',1007,,1270,15,,,0
20019,'1492444',1047,,1271,15,,,0
20019,'1492445',1127,,1272,15,,,0
20019,'1492446',1207,,1273,15,,,0
20019,'1492447',1247,,1274,15,,,0
20019,'1492448',1327,,1275,15,,,0
20019,'1492449',1407,,1276,15,,,0
20019,'1492450',1447,,1277,15,,,0
20019,'1492451',1527,,1278,15,,,0
20019,'1492452',1607,,1279,15,,,0
20019,'1492453',1647,,1280,15,,,0
20019,'1492454',1727,,1281,15,,,0
20019,'1492455',1807,,1282,15,,,0
20019,'1496039',1847,,1283,15,,,0
20019,'1496040',1927,,1284,15,,,0
20019,'1496041',2007,,1285,15,,,0
20019,'1496042',2047,,1286,15,,,0
20019,'1496043',2127,,1287,15,,,0
20019,'1496044',2207,,1288,15,,,0
20019,'1496045',1847,,1289,15,,,0
20019,'1496046',1927,,1290,15,,,0
20019,'1496047',2007,,1291,15,,,0
20019,'1496048',2047,,1292,15,,,0
20019,'1496049',2127,,1293,15,,,0
20019,'1496050',2207,,1294,15,,,0
