3019,'1486792',742,,902,3,,,0
3019,'1486793',832,,903,3,,,0
3019,'1486794',912,,904,3,,,0
3019,'1486795',952,,905,3,,,0
3019,'1486796',1032,,906,3,,,0
3019,'1486797',1112,,907,3,,,0
3019,'1486798',1152,,908,3,,,0
3019,'1486799',1232,,909,3,,,0
3019,'1486800',1312,,910,3,,,0
3019,'1486801',1352,,911,3,,,0
3019,'1486802',1432,,912,3,,,0
3019,'1486803',1512,,913,3,,,0
3019,'1486804',1552,,914,3,,,0
3019,'1486805',1632,,915,3,,,0
30000019,'1486494',918,,528,4,,,0
30000019,'1486495',1018,,529,4,,,0
30000019,'1486496',1118,,530,4,,,0
30000019,'1486497',1218,,531,4,,,0
30000019,'1486498',1318,,532,4,,,0
30000019,'1486499',1418,,533,4,,,0
30000019,'1486500',1518,,534,4,,,0
30000019,'1486501',1618,,535,4,,,0
