16019,'1497350',749,,1563,8,0,9 10,0
16019,'1497351',849,,1564,8,0,9 10,0
16019,'1497352',949,,1565,8,0,9 10,0
16019,'1497353',1049,,1566,8,0,9 10,0
16019,'1497354',1149,,1567,8,0,9 10,0
16019,'1497355',1249,,1568,8,0,9 10,0
16019,'1497356',1349,,1569,8,0,9 10,0
16019,'1497357',1449,,1570,8,0,9 10,0
16019,'1497358',1549,,1571,8,0,9 10,0
16019,'1497359',1649,,1572,8,0,9 10,0
16019,'1497360',1749,,1573,8,0,9 10,0
16019,'1497361',849,,1574,8,0,9 10,0
16019,'1497362',949,,1575,8,0,9 10,0
16019,'1497363',1049,,1576,8,0,9 10,0
16019,'1497364',1149,,1577,8,0,9 10,0
16019,'1497365',1249,,1578,8,0,9 10,0
16019,'1497366',1349,,1579,8,0,9 10,0
16019,'1497367',1449,,1580,8,0,9 10,0
16019,'1497368',1549,,1581,8,0,9 10,0
16019,'1497369',1649,,1582,8,0,9 10,0
16019,'1497370',1749,,1583,8,0,9 10,0
