20019,'1497182',636,,1459,7,,,0
20019,'1497183',716,,1460,7,,,0
20019,'1497184',756,,1461,7,,,0
20019,'1497185',836,,1462,7,,,0
20019,'1497186',916,,1463,7,,,0
20019,'1497187',956,,1464,7,,,0
20019,'1497188',1036,,1465,7,,,0
20019,'1497189',1116,,1466,7,,,0
20019,'1497190',1156,,1467,7,,,0
20019,'1497191',1236,,1468,7,,,0
20019,'1497192',1316,,1469,7,,,0
20019,'1497193',1356,,1470,7,,,0
20019,'1497194',1436,,1471,7,,,0
20019,'1497195',1516,,1472,7,,,0
20019,'1497196',1556,,1473,7,,,0
20019,'1497197',1636,,1474,7,,,0
20019,'1497198',1716,,1475,7,,,0
20019,'1497199',1756,,1476,7,,,0
20019,'1497200',1836,,1477,7,,,0
20019,'1497201',1916,,1478,7,,,0
20019,'1497202',1956,,1479,7,,,0
20019,'1497203',2036,,1480,7,,,0
20019,'1497204',2116,,1481,7,,,0
20019,'1497205',2156,,1482,7,,,0
20019,'1497206',756,,1483,7,,,0
20019,'1497207',836,,1484,7,,,0
20019,'1497208',916,,1485,7,,,0
20019,'1497209',956,,1486,7,,,0
20019,'1497210',1036,,1487,7,,,0
20019,'1497211',1116,,1488,7,,,0
20019,'1497212',1156,,1489,7,,,0
20019,'1497213',1236,,1490,7,,,0
20019,'1497214',1316,,1491,7,,,0
20019,'1497215',1356,,1492,7,,,0
20019,'1497216',1436,,1493,7,,,0
20019,'1497217',1516,,1494,7,,,0
20019,'1497218',1556,,1495,7,,,0
20019,'1497219',1636,,1496,7,,,0
20019,'1497220',1716,,1497,7,,,0
20019,'1497221',1756,,1498,7,,,0
20019,'1497222',1836,,1499,7,,,0
20019,'1497223',1916,,1500,7,,,0
20019,'1497224',1956,,1501,7,,,0
20019,'1497225',2036,,1502,7,,,0
20019,'1497226',2116,,1503,7,,,0
20019,'1497227',2156,,1504,7,,,0
