1019,'1482680',809,,3,17,0,11,0
1019,'1482681',849,,4,17,0,11,0
1019,'1482682',929,,5,17,0,11,0
1019,'1482683',1009,,6,17,0,11,0
1019,'1482684',1049,,7,17,0,11,0
1019,'1482685',1129,,8,17,0,11,0
1019,'1482686',1209,,9,17,0,11,0
1019,'1482687',1249,,10,17,0,11,0
1019,'1482688',1329,,11,17,0,11,0
1019,'1482689',1409,,12,17,0,11,0
1019,'1482690',1449,,13,17,0,11,0
1019,'1482691',1529,,14,17,0,11,0
1019,'1482692',1609,,15,17,0,11,0
1019,'1482693',1649,,16,17,0,11,0
1019,'1482694',1729,,17,17,0,11,0
1019,'1482695',1809,,18,17,0,11,0
1019,'1482696',1849,,19,17,0,11,0
1019,'1482697',1929,,20,17,0,11,0
1019,'1482698',2009,,21,17,0,11,0
1019,'1482699',2049,,22,17,0,11,0
1019,'1482700',2129,,23,17,0,11,0
1019,'1482701',2209,,24,17,0,11,0
1019,'1485865',650,,26,20,0,11,0
1019,'1485866',730,,27,20,0,11,0
1019,'1485867',810,,28,20,0,11,0
1019,'1485868',850,,29,20,0,11,0
1019,'1485869',930,,30,20,0,11,0
1019,'1485870',1010,,31,20,0,11,0
1019,'1485871',1050,,32,20,0,11,0
1019,'1485872',1130,,33,20,0,11,0
1019,'1485873',1210,,34,20,0,11,0
1019,'1485874',1250,,35,20,0,11,0
1019,'1485875',1330,,36,20,0,11,0
1019,'1485876',1410,,37,20,0,11,0
1019,'1485877',1450,,38,20,0,11,0
1019,'1485878',1530,,39,20,0,11,0
1019,'1485879',1610,,40,20,0,11,0
1019,'1485880',1650,,41,20,0,11,0
1019,'1485881',1730,,42,20,0,11,0
1019,'1485882',1810,,43,20,0,11,0
1019,'1485883',810,,869,20,0,11,0
1019,'1485884',850,,870,20,0,11,0
1019,'1485885',930,,871,20,0,11,0
1019,'1485886',1010,,872,20,0,11,0
1019,'1485887',1050,,873,20,0,11,0
1019,'1485888',1130,,874,20,0,11,0
1019,'1485889',1210,,875,20,0,11,0
1019,'1485890',1250,,876,20,0,11,0
1019,'1485891',1330,,877,20,0,11,0
1019,'1485892',1410,,878,20,0,11,0
1019,'1485893',1450,,879,20,0,11,0
1019,'1485894',1530,,880,20,0,11,0
1019,'1485895',1610,,881,20,0,11,0
1019,'1485896',1650,,882,20,0,11,0
1019,'1485897',1730,,883,20,0,11,0
1019,'1485898',1810,,884,20,0,11,0
2019,'1480619',630,,44,11,4,,0
2019,'1486350',630,,1505,1,,,0,80,,1505,40,4,,0
2019,'1486351',710,,1506,1,,,0,40,,1506,40,4,,0
2019,'1486352',750,,1507,1,,,0,80,,1507,40,4,,0
2019,'1486353',830,,1508,1,,,0,80,,1508,40,4,,0
2019,'1486354',910,,1509,1,,,0,40,,1509,40,4,,0
2019,'1486355',950,,1510,1,,,0,80,,1510,40,4,,0
2019,'1486356',1030,,1511,1,,,0,80,,1511,40,4,,0
2019,'1486357',1110,,1512,1,,,0,40,,1512,40,4,,0
2019,'1486358',1150,,1513,1,,,0,80,,1513,40,4,,0
2019,'1486359',1230,,1514,1,,,0,80,,1514,40,4,,0
2019,'1486360',1310,,1515,1,,,0,40,,1515,40,4,,0
2019,'1486361',1350,,1516,1,,,0,80,,1516,40,4,,0
2019,'1486362',1430,,1517,1,,,0,80,,1517,40,4,,0
2019,'1486363',1510,,1518,1,,,0,40,,1518,40,4,,0
2019,'1486364',1550,,1519,1,,,0,80,,1519,40,4,,0
2019,'1486365',1630,,1520,1,,,0,80,,1520,40,4,,0
2019,'1486366',1710,,1521,1,,,0,40,,1521,40,4,,0
2019,'1486367',810,,1522,18,,,0
2019,'1486368',850,,1523,18,,,0
2019,'1486369',930,,1524,18,,,0
2019,'1486370',1010,,1525,18,,,0
2019,'1486371',1050,,1526,18,,,0
2019,'1486372',1130,,1527,18,,,0
2019,'1486373',1210,,1528,18,,,0
2019,'1486374',1250,,1529,18,,,0
2019,'1486375',1330,,1530,18,,,0
2019,'1486376',1410,,1531,18,,,0
2019,'1486377',1450,,1532,18,,,0
2019,'1486378',1530,,1533,18,,,0
2019,'1486379',1610,,1534,18,,,0
2019,'1486380',1650,,1535,18,,,0
2019,'1486381',1730,,1536,18,,,0
2019,'1486382',1810,,1537,18,,,0
2019,'1486958',1750,,1538,1,,,0,80,,1538,40,4,,0
3019,'1486996',740,,1149,1,,,0,90,,1149,43,4,,0
3019,'1486997',830,,1150,1,,,0,80,,1150,43,4,,0
3019,'1486998',910,,1151,1,,,0,40,,1151,43,4,,0
3019,'1486999',950,,1152,1,,,0,80,,1152,43,4,,0
3019,'1487000',1030,,1153,1,,,0,80,,1153,43,4,,0
3019,'1487001',1110,,1154,1,,,0,40,,1154,43,4,,0
3019,'1487002',1150,,1155,1,,,0,80,,1155,43,4,,0
3019,'1487003',1230,,1156,1,,,0,80,,1156,43,4,,0
3019,'1487004',1310,,1157,1,,,0,40,,1157,43,4,,0
3019,'1487005',1350,,1158,1,,,0,80,,1158,43,4,,0
3019,'1487006',1430,,1159,1,,,0,80,,1159,43,4,,0
3019,'1487007',1510,,1160,1,,,0,40,,1160,43,4,,0
3019,'1487008',1550,,1161,1,,,0,80,,1161,43,4,,0
3019,'1487009',1630,,1162,1,,,0,80,,1162,43,4,,0
3019,'1497371',740,,1539,15,4,,0
4019,'1489036',649,,65,15,,,0
4019,'1489037',729,,66,15,,,0
4019,'1489038',809,,67,15,,,0
4019,'1489039',849,,68,15,,,0
4019,'1489040',929,,69,15,,,0
4019,'1489041',1009,,70,15,,,0
4019,'1489042',1049,,71,15,,,0
4019,'1489043',1129,,72,15,,,0
4019,'1489044',1209,,73,15,,,0
4019,'1489045',1249,,74,15,,,0
4019,'1489046',1329,,75,15,,,0
4019,'1489047',1409,,76,15,,,0
4019,'1489048',1449,,77,15,,,0
4019,'1489049',1529,,78,15,,,0
4019,'1489050',1609,,79,15,,,0
4019,'1489051',1649,,80,15,,,0
4019,'1489052',1729,,81,15,,,0
4019,'1489053',1809,,82,15,,,0
4019,'1489054',1849,,83,15,,,0
4019,'1489055',1929,,84,15,,,0
4019,'1489056',2009,,85,15,,,0
4019,'1489057',2049,,86,15,,,0
4019,'1489058',2129,,87,15,,,0
4019,'1489059',2209,,88,15,,,0
4019,'1489060',809,,89,15,,,0
4019,'1489061',849,,90,15,,,0
4019,'1489062',929,,91,15,,,0
4019,'1489063',1009,,92,15,,,0
4019,'1489064',1049,,93,15,,,0
4019,'1489065',1129,,94,15,,,0
4019,'1489066',1209,,95,15,,,0
4019,'1489067',1249,,96,15,,,0
4019,'1489068',1329,,97,15,,,0
4019,'1489069',1409,,98,15,,,0
4019,'1489070',1449,,99,15,,,0
4019,'1489071',1529,,100,15,,,0
4019,'1489072',1609,,101,15,,,0
4019,'1489073',1649,,102,15,,,0
4019,'1489074',1729,,103,15,,,0
4019,'1489075',1809,,104,15,,,0
4019,'1489076',1849,,105,15,,,0
4019,'1489077',1929,,106,15,,,0
4019,'1489078',2009,,107,15,,,0
4019,'1489079',2049,,108,15,,,0
4019,'1489080',2129,,109,15,,,0
4019,'1489081',2209,,110,15,,,0
10019,'1483448',650,,161,15,4,,0
10019,'1483449',1530,,162,15,4,,0
10019,'1486951',650,,163,1,,,0,60,,163,21,4,,0
10019,'1486952',710,,164,1,,,0,20,,164,21,4,,0
10019,'1486953',730,,165,1,,,0,20,,165,21,4,,0
10019,'1486954',1530,,166,1,,,0,20,,166,21,4,,0
10019,'1486955',1550,,167,1,,,0,60,,167,21,4,,0
10019,'1486956',1610,,168,1,,,0,20,,168,21,4,,0
10019,'1486957',1630,,169,1,,,0,20,,169,21,4,,0
66019,'1489865',800,,1047,1,,,0,30,,1047,20,4,,0
66019,'1489866',830,,1048,1,,,0,70,,1048,20,4,,0
66019,'1489867',900,,1049,1,,,0,30,,1049,20,4,,0
66019,'1489868',930,,1050,1,,,0,70,,1050,20,4,,0
66019,'1489869',1000,,1051,1,,,0,30,,1051,20,4,,0
66019,'1489870',1030,,1052,1,,,0,70,,1052,20,4,,0
66019,'1489871',1100,,1053,1,,,0,30,,1053,20,4,,0
66019,'1489872',1130,,1054,1,,,0,70,,1054,20,4,,0
66019,'1489873',1200,,1055,1,,,0,30,,1055,20,4,,0
66019,'1489874',1230,,1056,1,,,0,70,,1056,20,4,,0
66019,'1489875',1300,,1057,1,,,0,30,,1057,20,4,,0
66019,'1489876',1330,,1058,1,,,0,70,,1058,20,4,,0
66019,'1489877',1400,,1059,1,,,0,30,,1059,20,4,,0
66019,'1489878',1430,,1060,1,,,0,70,,1060,20,4,,0
66019,'1489879',1500,,1061,1,,,0,30,,1061,20,4,,0
66019,'1489880',1530,,1062,1,,,0,70,,1062,20,4,,0
66019,'1489881',1600,,1063,1,,,0,30,,1063,20,4,,0
66019,'1489882',1630,,1064,1,,,0,70,,1064,20,4,,0
66019,'1489883',1700,,1065,1,,,0,30,,1065,20,4,,0
901019,'1490032',810,,1584,18,0,6,0
901019,'1490033',930,,1585,18,0,6,0
901019,'1490034',1050,,1586,18,0,6,0
901019,'1490035',1210,,1587,18,0,6,0
901019,'1490036',1330,,1588,18,0,6,0
901019,'1490037',1450,,1589,18,0,6,0
901019,'1490038',1610,,1590,18,0,6,0
901019,'1490039',1730,,1591,18,0,6,0
901019,'1490040',1850,,1592,18,0,6,0
901019,'1490041',2010,,1593,18,0,6,0
901019,'1490042',2130,,1594,18,0,6,0
901019,'1497372',650,,1595,18,0,6,0
901019,'1497373',750,,1596,18,0,6,0
901019,'1497374',850,,1597,18,0,6,0
901019,'1497375',950,,1598,18,0,6,0
901019,'1497376',1050,,1599,18,0,6,0
901019,'1497377',1150,,1600,18,0,6,0
901019,'1497378',1250,,1601,18,0,6,0
901019,'1497379',1350,,1602,18,0,6,0
901019,'1497380',1450,,1603,18,0,6,0
901019,'1497381',1550,,1604,18,0,6,0
901019,'1497382',1650,,1605,18,0,6,0
901019,'1497383',1750,,1606,18,0,6,0
902019,'1490054',1930,,1610,44,0,6,0
902019,'1490055',2050,,1611,44,0,6,0
902019,'1490056',2210,,1612,44,0,6,0
902019,'1490057',850,,1613,44,0,6,0
902019,'1490058',1010,,1614,44,0,6,0
902019,'1490059',1130,,1615,44,0,6,0
902019,'1490060',1250,,1616,44,0,6,0
902019,'1490061',1410,,1617,44,0,6,0
902019,'1490062',1530,,1618,44,0,6,0
902019,'1490063',1650,,1619,44,0,6,0
902019,'1490064',1810,,1620,44,0,6,0
902019,'1490065',1930,,1621,44,0,6,0
902019,'1490066',2050,,1622,44,0,6,0
902019,'1490067',2210,,1623,44,0,6,0
902019,'1490068',1810,,1624,18,0,6,0
902019,'1497387',710,,1625,18,0,6,0
902019,'1497388',810,,1626,18,0,6,0
902019,'1497389',910,,1627,18,0,6,0
902019,'1497390',1010,,1628,18,0,6,0
902019,'1497391',1110,,1629,18,0,6,0
902019,'1497392',1210,,1630,18,0,6,0
902019,'1497393',1310,,1631,18,0,6,0
902019,'1497394',1410,,1632,18,0,6,0
902019,'1497395',1510,,1633,18,0,6,0
902019,'1497396',1610,,1634,18,0,6,0
902019,'1497397',1710,,1635,18,0,6,0
30000019,'1496023',815,,1329,1,,,0,100,,1329,28,4,,0
30000019,'1496024',915,,1330,1,,,0,100,,1330,28,4,,0
30000019,'1496025',1015,,1331,1,,,0,100,,1331,28,4,,0
30000019,'1496026',1115,,1332,1,,,0,100,,1332,28,4,,0
30000019,'1496027',1215,,1333,1,,,0,100,,1333,28,4,,0
30000019,'1496028',1315,,1334,1,,,0,100,,1334,28,4,,0
30000019,'1496029',1415,,1335,1,,,0,100,,1335,28,4,,0
30000019,'1496030',1515,,1336,1,,,0,100,,1336,28,4,,0
30000019,'1496031',1615,,1337,1,,,0,100,,1337,28,4,,0
