3019,'1486792',758,,902,15,,,0
3019,'1486793',846,,903,15,,,0
3019,'1486794',926,,904,15,,,0
3019,'1486795',1006,,905,15,,,0
3019,'1486796',1046,,906,15,,,0
3019,'1486797',1126,,907,15,,,0
3019,'1486798',1206,,908,15,,,0
3019,'1486799',1246,,909,15,,,0
3019,'1486800',1326,,910,15,,,0
3019,'1486801',1406,,911,15,,,0
3019,'1486802',1446,,912,15,,,0
3019,'1486803',1526,,913,15,,,0
3019,'1486804',1606,,914,15,,,0
3019,'1486805',1646,,915,15,,,0
14019,'1494878',630,,793,3,,,0
14019,'1494879',710,,794,3,,,0
14019,'1494880',750,,795,3,,,0
14019,'1494881',830,,796,3,,,0
14019,'1494882',910,,797,3,,,0
14019,'1494883',950,,798,3,,,0
14019,'1494884',1030,,799,3,,,0
14019,'1494885',1110,,800,3,,,0
14019,'1494886',1150,,801,3,,,0
14019,'1494887',1230,,802,3,,,0
14019,'1494888',1310,,803,3,,,0
14019,'1494889',1350,,804,3,,,0
14019,'1494890',1430,,805,3,,,0
14019,'1494891',1510,,806,3,,,0
14019,'1494892',1550,,807,3,,,0
14019,'1494893',1630,,808,3,,,0
14019,'1494894',1710,,809,3,,,0
14019,'1494895',1750,,810,3,,,0
14019,'1494896',1830,,811,3,,,0
14019,'1494897',1910,,812,3,,,0
14019,'1494898',1950,,813,3,,,0
14019,'1494899',2030,,814,3,,,0
14019,'1494900',2110,,815,3,,,0
14019,'1494901',2150,,816,3,,,0
14019,'1494902',750,,817,3,,,0
14019,'1494903',830,,818,3,,,0
14019,'1494904',910,,819,3,,,0
14019,'1494905',950,,820,3,,,0
14019,'1494906',1030,,821,3,,,0
14019,'1494907',1110,,822,3,,,0
14019,'1494908',1150,,823,3,,,0
14019,'1494909',1230,,824,3,,,0
14019,'1494910',1310,,825,3,,,0
14019,'1494911',1350,,826,3,,,0
14019,'1494912',1430,,827,3,,,0
14019,'1494913',1510,,828,3,,,0
14019,'1494914',1550,,829,3,,,0
14019,'1494915',1630,,830,3,,,0
14019,'1494916',1710,,831,3,,,0
14019,'1494917',1750,,832,3,,,0
14019,'1494918',1830,,833,3,,,0
14019,'1494919',1910,,834,3,,,0
14019,'1494920',1950,,835,3,,,0
14019,'1494921',2030,,836,3,,,0
14019,'1494922',2110,,837,3,,,0
14019,'1494923',2150,,838,3,,,0
