2019,'1492775',654,,1425,27,,,0
2019,'1492776',734,,1426,27,,,0
2019,'1492777',814,,1427,27,,,0
2019,'1492778',854,,1428,27,,,0
2019,'1492779',934,,1429,27,,,0
2019,'1492780',1014,,1430,27,,,0
2019,'1492781',1054,,1431,27,,,0
2019,'1492782',1134,,1432,27,,,0
2019,'1492783',1214,,1433,27,,,0
2019,'1492784',1254,,1434,27,,,0
2019,'1492785',1334,,1435,27,,,0
2019,'1492786',1414,,1436,27,,,0
2019,'1492787',1454,,1437,27,,,0
2019,'1492788',1534,,1438,27,,,0
2019,'1492789',1614,,1439,27,,,0
2019,'1492790',1654,,1440,27,,,0
2019,'1492791',1734,,1441,27,,,0
2019,'1492792',1814,,1442,27,,,0
2019,'1495973',755,,1443,5,,,0
2019,'1495974',835,,1444,5,,,0
2019,'1495975',915,,1445,5,,,0
2019,'1495976',955,,1446,5,,,0
2019,'1495977',1035,,1447,5,,,0
2019,'1495978',1115,,1448,5,,,0
2019,'1495979',1155,,1449,5,,,0
2019,'1495980',1235,,1450,5,,,0
2019,'1495981',1315,,1451,5,,,0
2019,'1495982',1355,,1452,5,,,0
2019,'1495983',1435,,1453,5,,,0
2019,'1495984',1515,,1454,5,,,0
2019,'1495985',1555,,1455,5,,,0
2019,'1495986',1635,,1456,5,,,0
2019,'1495987',1715,,1457,5,,,0
2019,'1495988',1755,,1458,5,,,0
