1019,'1485865',637,,26,5,0,11,0
1019,'1485866',717,,27,5,0,11,0
1019,'1485867',757,,28,5,0,11,0
1019,'1485868',837,,29,5,0,11,0
1019,'1485869',917,,30,5,0,11,0
1019,'1485870',957,,31,5,0,11,0
1019,'1485871',1037,,32,5,0,11,0
1019,'1485872',1117,,33,5,0,11,0
1019,'1485873',1157,,34,5,0,11,0
1019,'1485874',1237,,35,5,0,11,0
1019,'1485875',1317,,36,5,0,11,0
1019,'1485876',1357,,37,5,0,11,0
1019,'1485877',1437,,38,5,0,11,0
1019,'1485878',1517,,39,5,0,11,0
1019,'1485879',1557,,40,5,0,11,0
1019,'1485880',1637,,41,5,0,11,0
1019,'1485881',1717,,42,5,0,11,0
1019,'1485882',1757,,43,5,0,11,0
1019,'1485883',757,,869,5,0,11,0
1019,'1485884',837,,870,5,0,11,0
1019,'1485885',917,,871,5,0,11,0
1019,'1485886',957,,872,5,0,11,0
1019,'1485887',1037,,873,5,0,11,0
1019,'1485888',1117,,874,5,0,11,0
1019,'1485889',1157,,875,5,0,11,0
1019,'1485890',1237,,876,5,0,11,0
1019,'1485891',1317,,877,5,0,11,0
1019,'1485892',1357,,878,5,0,11,0
1019,'1485893',1437,,879,5,0,11,0
1019,'1485894',1517,,880,5,0,11,0
1019,'1485895',1557,,881,5,0,11,0
1019,'1485896',1637,,882,5,0,11,0
1019,'1485897',1717,,883,5,0,11,0
1019,'1485898',1757,,884,5,0,11,0
2019,'1492775',655,,1115,29,,,0
2019,'1492776',735,,1116,29,,,0
2019,'1492777',815,,1117,29,,,0
2019,'1492778',855,,1118,29,,,0
2019,'1492779',935,,1119,29,,,0
2019,'1492780',1015,,1120,29,,,0
2019,'1492781',1055,,1121,29,,,0
2019,'1492782',1135,,1122,29,,,0
2019,'1492783',1215,,1123,29,,,0
2019,'1492784',1255,,1124,29,,,0
2019,'1492785',1335,,1125,29,,,0
2019,'1492786',1415,,1126,29,,,0
2019,'1492787',1455,,1127,29,,,0
2019,'1492788',1535,,1128,29,,,0
2019,'1492789',1615,,1129,29,,,0
2019,'1492790',1655,,1130,29,,,0
2019,'1492791',1735,,1131,29,,,0
2019,'1492792',1815,,1132,29,,,0
2019,'1495973',756,,1133,7,,,0
2019,'1495974',836,,1134,7,,,0
2019,'1495975',916,,1135,7,,,0
2019,'1495976',956,,1136,7,,,0
2019,'1495977',1036,,1137,7,,,0
2019,'1495978',1116,,1138,7,,,0
2019,'1495979',1156,,1139,7,,,0
2019,'1495980',1236,,1140,7,,,0
2019,'1495981',1316,,1141,7,,,0
2019,'1495982',1356,,1142,7,,,0
2019,'1495983',1436,,1143,7,,,0
2019,'1495984',1516,,1144,7,,,0
2019,'1495985',1556,,1145,7,,,0
2019,'1495986',1636,,1146,7,,,0
2019,'1495987',1716,,1147,7,,,0
2019,'1495988',1756,,1148,7,,,0
3019,'1486996',815,,1149,28,,,0
3019,'1486997',855,,1150,28,,,0
3019,'1486998',935,,1151,28,,,0
3019,'1486999',1015,,1152,28,,,0
3019,'1487000',1055,,1153,28,,,0
3019,'1487001',1135,,1154,28,,,0
3019,'1487002',1215,,1155,28,,,0
3019,'1487003',1255,,1156,28,,,0
3019,'1487004',1335,,1157,28,,,0
3019,'1487005',1415,,1158,28,,,0
3019,'1487006',1455,,1159,28,,,0
3019,'1487007',1535,,1160,28,,,0
3019,'1487008',1615,,1161,28,,,0
3019,'1487009',1655,,1162,28,,,0
