16019,'1489207',742,,1193,4,0,9 10,0
16019,'1489208',842,,1194,4,0,9 10,0
16019,'1489209',942,,1195,4,0,9 10,0
16019,'1489210',1042,,1196,4,0,9 10,0
16019,'1489211',1142,,1197,4,0,9 10,0
16019,'1489212',1242,,1198,4,0,9 10,0
16019,'1489213',1342,,1199,4,0,9 10,0
16019,'1489214',1442,,1200,4,0,9 10,0
16019,'1489215',1542,,1201,4,0,9 10,0
16019,'1489216',1642,,1202,4,0,9 10,0
16019,'1489217',1742,,1203,4,0,9 10,0
16019,'1489218',842,,1204,4,0,9 10,0
16019,'1489219',942,,1205,4,0,9 10,0
16019,'1489220',1042,,1206,4,0,9 10,0
16019,'1489221',1142,,1207,4,0,9 10,0
16019,'1489222',1242,,1208,4,0,9 10,0
16019,'1489223',1342,,1209,4,0,9 10,0
16019,'1489224',1442,,1210,4,0,9 10,0
16019,'1489225',1542,,1211,4,0,9 10,0
16019,'1489226',1642,,1212,4,0,9 10,0
16019,'1489227',1742,,1213,4,0,9 10,0
