12019,'1488124',717,,1637,10,0,12 13,0
12019,'1488125',817,,1638,10,0,12 13,0
12019,'1488126',917,,1639,10,0,12 13,0
12019,'1488127',1017,,1640,10,0,12 13,0
12019,'1488128',1117,,1641,10,0,12 13,0
12019,'1488129',1217,,1642,10,0,12 13,0
12019,'1488130',1317,,1643,10,0,12 13,0
12019,'1488131',1417,,1644,10,0,12 13,0
12019,'1488132',1517,,1645,10,0,12 13,0
12019,'1488133',1617,,1646,10,0,12 13,0
12019,'1488134',1717,,1647,10,0,12 13,0
12019,'1488135',1817,,1648,10,0,12 13,0
12019,'1488136',817,,1649,10,0,12 13,0
12019,'1488137',917,,1650,10,0,12 13,0
12019,'1488138',1017,,1651,10,0,12 13,0
12019,'1488139',1117,,1652,10,0,12 13,0
12019,'1488140',1217,,1653,10,0,12 13,0
12019,'1488141',1317,,1654,10,0,12 13,0
12019,'1488142',1417,,1655,10,0,12 13,0
12019,'1488143',1517,,1656,10,0,12 13,0
12019,'1488144',1617,,1657,10,0,12 13,0
12019,'1488145',1717,,1658,10,0,12 13,0
12019,'1488146',1817,,1659,10,0,12 13,0
