20019,'1487191',637,,1001,9,,,0
20019,'1487192',717,,1002,9,,,0
20019,'1487193',757,,1003,9,,,0
20019,'1487194',837,,1004,9,,,0
20019,'1487195',917,,1005,9,,,0
20019,'1487196',957,,1006,9,,,0
20019,'1487197',1037,,1007,9,,,0
20019,'1487198',1117,,1008,9,,,0
20019,'1487199',1157,,1009,9,,,0
20019,'1487200',1237,,1010,9,,,0
20019,'1487201',1317,,1011,9,,,0
20019,'1487202',1357,,1012,9,,,0
20019,'1487203',1437,,1013,9,,,0
20019,'1487204',1517,,1014,9,,,0
20019,'1487205',1557,,1015,9,,,0
20019,'1487206',1637,,1016,9,,,0
20019,'1487207',1717,,1017,9,,,0
20019,'1487208',1757,,1018,9,,,0
20019,'1487209',1837,,1019,9,,,0
20019,'1487210',1917,,1020,9,,,0
20019,'1487211',1957,,1021,9,,,0
20019,'1487212',2037,,1022,9,,,0
20019,'1487213',2117,,1023,9,,,0
20019,'1487214',2157,,1024,9,,,0
20019,'1492422',637,,1249,8,,,0
20019,'1492423',717,,1250,8,,,0
20019,'1492424',757,,1251,8,,,0
20019,'1492425',837,,1252,8,,,0
20019,'1492426',917,,1253,8,,,0
20019,'1492427',957,,1254,8,,,0
20019,'1492428',1037,,1255,8,,,0
20019,'1492429',1117,,1256,8,,,0
20019,'1492430',1157,,1257,8,,,0
20019,'1492431',1237,,1258,8,,,0
20019,'1492432',1317,,1259,8,,,0
20019,'1492433',1357,,1260,8,,,0
20019,'1492434',1437,,1261,8,,,0
20019,'1492435',1517,,1262,8,,,0
20019,'1492436',1557,,1263,8,,,0
20019,'1492437',1637,,1264,8,,,0
20019,'1492438',1717,,1265,8,,,0
20019,'1492439',1757,,1266,8,,,0
20019,'1492440',757,,1267,8,,,0
20019,'1492441',837,,1268,8,,,0
20019,'1492442',917,,1269,8,,,0
20019,'1492443',957,,1270,8,,,0
20019,'1492444',1037,,1271,8,,,0
20019,'1492445',1117,,1272,8,,,0
20019,'1492446',1157,,1273,8,,,0
20019,'1492447',1237,,1274,8,,,0
20019,'1492448',1317,,1275,8,,,0
20019,'1492449',1357,,1276,8,,,0
20019,'1492450',1437,,1277,8,,,0
20019,'1492451',1517,,1278,8,,,0
20019,'1492452',1557,,1279,8,,,0
20019,'1492453',1637,,1280,8,,,0
20019,'1492454',1717,,1281,8,,,0
20019,'1492455',1757,,1282,8,,,0
20019,'1496039',1837,,1283,8,,,0
20019,'1496040',1917,,1284,8,,,0
20019,'1496041',1957,,1285,8,,,0
20019,'1496042',2037,,1286,8,,,0
20019,'1496043',2117,,1287,8,,,0
20019,'1496044',2157,,1288,8,,,0
20019,'1496045',1837,,1289,8,,,0
20019,'1496046',1917,,1290,8,,,0
20019,'1496047',1957,,1291,8,,,0
20019,'1496048',2037,,1292,8,,,0
20019,'1496049',2117,,1293,8,,,0
20019,'1496050',2157,,1294,8,,,0
