2019,'1480619',625,,44,6,,,0
2019,'1486350',702,,1505,35,,,0
2019,'1486351',742,,1506,35,,,0
2019,'1486352',822,,1507,35,,,0
2019,'1486353',902,,1508,35,,,0
2019,'1486354',942,,1509,35,,,0
2019,'1486355',1022,,1510,35,,,0
2019,'1486356',1102,,1511,35,,,0
2019,'1486357',1142,,1512,35,,,0
2019,'1486358',1222,,1513,35,,,0
2019,'1486359',1302,,1514,35,,,0
2019,'1486360',1342,,1515,35,,,0
2019,'1486361',1422,,1516,35,,,0
2019,'1486362',1502,,1517,35,,,0
2019,'1486363',1542,,1518,35,,,0
2019,'1486364',1622,,1519,35,,,0
2019,'1486365',1702,,1520,35,,,0
2019,'1486366',1742,,1521,35,,,0
2019,'1486367',804,,1522,13,,,0
2019,'1486368',844,,1523,13,,,0
2019,'1486369',924,,1524,13,,,0
2019,'1486370',1004,,1525,13,,,0
2019,'1486371',1044,,1526,13,,,0
2019,'1486372',1124,,1527,13,,,0
2019,'1486373',1204,,1528,13,,,0
2019,'1486374',1244,,1529,13,,,0
2019,'1486375',1324,,1530,13,,,0
2019,'1486376',1404,,1531,13,,,0
2019,'1486377',1444,,1532,13,,,0
2019,'1486378',1524,,1533,13,,,0
2019,'1486379',1604,,1534,13,,,0
2019,'1486380',1644,,1535,13,,,0
2019,'1486381',1724,,1536,13,,,0
2019,'1486382',1804,,1537,13,,,0
2019,'1486958',1822,,1538,35,,,0
