15019,'1492887',1844,,1660,14,,,0
15019,'1492888',1944,,1661,14,,,0
15019,'1492889',2044,,1662,14,,,0
15019,'1492890',2144,,1663,14,,,0
15019,'1495961',644,,1664,14,,,0
15019,'1495962',744,,1665,14,,,0
15019,'1495963',844,,1666,14,,,0
15019,'1495964',944,,1667,14,,,0
15019,'1495965',1044,,1668,14,,,0
15019,'1495966',1144,,1669,14,,,0
15019,'1495967',1244,,1670,14,,,0
15019,'1495968',1344,,1671,14,,,0
15019,'1495969',1444,,1672,14,,,0
15019,'1495970',1544,,1673,14,,,0
15019,'1495971',1644,,1674,14,,,0
15019,'1495972',1744,,1675,14,,,0
15019,'1497631',642,,1676,14,,,0
15019,'1497632',742,,1677,14,,,0
15019,'1497633',842,,1678,14,,,0
15019,'1497634',942,,1679,14,,,0
15019,'1497635',1042,,1680,14,,,0
15019,'1497636',1142,,1681,14,,,0
15019,'1497637',1242,,1682,14,,,0
15019,'1497638',1342,,1683,14,,,0
15019,'1497639',1442,,1684,14,,,0
15019,'1497640',1542,,1685,14,,,0
15019,'1497641',1642,,1686,14,,,0
15019,'1497642',1742,,1687,14,,,0
15019,'1497643',1842,,1688,14,,,0
15019,'1497644',1942,,1689,14,,,0
15019,'1497645',2042,,1690,14,,,0
15019,'1497646',2142,,1691,14,,,0
15019,'1497647',842,,1692,14,,,0
15019,'1497648',942,,1693,14,,,0
15019,'1497649',1042,,1694,14,,,0
15019,'1497650',1142,,1695,14,,,0
15019,'1497651',1242,,1696,14,,,0
15019,'1497652',1342,,1697,14,,,0
15019,'1497653',1442,,1698,14,,,0
15019,'1497654',1542,,1699,14,,,0
15019,'1497655',1642,,1700,14,,,0
15019,'1497656',1742,,1701,14,,,0
15019,'1497657',1842,,1702,14,,,0
15019,'1497658',1942,,1703,14,,,0
15019,'1497659',2042,,1704,14,,,0
15019,'1497660',2142,,1705,14,,,0
