15019,'1492887',1848,,1660,22,,,0
15019,'1492888',1948,,1661,22,,,0
15019,'1492889',2048,,1662,22,,,0
15019,'1492890',2148,,1663,22,,,0
15019,'1495961',648,,1664,22,,,0
15019,'1495962',748,,1665,22,,,0
15019,'1495963',848,,1666,22,,,0
15019,'1495964',948,,1667,22,,,0
15019,'1495965',1048,,1668,22,,,0
15019,'1495966',1148,,1669,22,,,0
15019,'1495967',1248,,1670,22,,,0
15019,'1495968',1348,,1671,22,,,0
15019,'1495969',1448,,1672,22,,,0
15019,'1495970',1548,,1673,22,,,0
15019,'1495971',1648,,1674,22,,,0
15019,'1495972',1748,,1675,22,,,0
15019,'1497631',648,,1676,22,,,0
15019,'1497632',748,,1677,22,,,0
15019,'1497633',848,,1678,22,,,0
15019,'1497634',948,,1679,22,,,0
15019,'1497635',1048,,1680,22,,,0
15019,'1497636',1148,,1681,22,,,0
15019,'1497637',1248,,1682,22,,,0
15019,'1497638',1348,,1683,22,,,0
15019,'1497639',1448,,1684,22,,,0
15019,'1497640',1548,,1685,22,,,0
15019,'1497641',1648,,1686,22,,,0
15019,'1497642',1748,,1687,22,,,0
15019,'1497643',1848,,1688,22,,,0
15019,'1497644',1948,,1689,22,,,0
15019,'1497645',2048,,1690,22,,,0
15019,'1497646',2148,,1691,22,,,0
15019,'1497647',848,,1692,22,,,0
15019,'1497648',948,,1693,22,,,0
15019,'1497649',1048,,1694,22,,,0
15019,'1497650',1148,,1695,22,,,0
15019,'1497651',1248,,1696,22,,,0
15019,'1497652',1348,,1697,22,,,0
15019,'1497653',1448,,1698,22,,,0
15019,'1497654',1548,,1699,22,,,0
15019,'1497655',1648,,1700,22,,,0
15019,'1497656',1748,,1701,22,,,0
15019,'1497657',1848,,1702,22,,,0
15019,'1497658',1948,,1703,22,,,0
15019,'1497659',2048,,1704,22,,,0
15019,'1497660',2148,,1705,22,,,0
