15019,'1492887',1856,,1660,32,,,0
15019,'1492888',1956,,1661,32,,,0
15019,'1492889',2056,,1662,32,,,0
15019,'1492890',2156,,1663,32,,,0
15019,'1495961',656,,1664,32,,,0
15019,'1495962',756,,1665,32,,,0
15019,'1495963',856,,1666,32,,,0
15019,'1495964',956,,1667,32,,,0
15019,'1495965',1056,,1668,32,,,0
15019,'1495966',1156,,1669,32,,,0
15019,'1495967',1256,,1670,32,,,0
15019,'1495968',1356,,1671,32,,,0
15019,'1495969',1456,,1672,32,,,0
15019,'1495970',1556,,1673,32,,,0
15019,'1495971',1656,,1674,32,,,0
15019,'1495972',1756,,1675,32,,,0
15019,'1497631',656,,1676,32,,,0
15019,'1497632',756,,1677,32,,,0
15019,'1497633',856,,1678,32,,,0
15019,'1497634',956,,1679,32,,,0
15019,'1497635',1056,,1680,32,,,0
15019,'1497636',1156,,1681,32,,,0
15019,'1497637',1256,,1682,32,,,0
15019,'1497638',1356,,1683,32,,,0
15019,'1497639',1456,,1684,32,,,0
15019,'1497640',1556,,1685,32,,,0
15019,'1497641',1656,,1686,32,,,0
15019,'1497642',1756,,1687,32,,,0
15019,'1497643',1856,,1688,32,,,0
15019,'1497644',1956,,1689,32,,,0
15019,'1497645',2056,,1690,32,,,0
15019,'1497646',2156,,1691,32,,,0
15019,'1497647',856,,1692,32,,,0
15019,'1497648',956,,1693,32,,,0
15019,'1497649',1056,,1694,32,,,0
15019,'1497650',1156,,1695,32,,,0
15019,'1497651',1256,,1696,32,,,0
15019,'1497652',1356,,1697,32,,,0
15019,'1497653',1456,,1698,32,,,0
15019,'1497654',1556,,1699,32,,,0
15019,'1497655',1656,,1700,32,,,0
15019,'1497656',1756,,1701,32,,,0
15019,'1497657',1856,,1702,32,,,0
15019,'1497658',1956,,1703,32,,,0
15019,'1497659',2056,,1704,32,,,0
15019,'1497660',2156,,1705,32,,,0
