19019,'1489098',704,,1214,25,,,0
19019,'1489099',744,,1215,25,,,0
19019,'1489100',824,,1216,25,,,0
19019,'1489101',904,,1217,25,,,0
19019,'1489102',944,,1218,25,,,0
19019,'1489103',1024,,1219,25,,,0
19019,'1489104',1104,,1220,25,,,0
19019,'1489105',1144,,1221,25,,,0
19019,'1489106',1224,,1222,25,,,0
19019,'1489107',1304,,1223,25,,,0
19019,'1489108',1344,,1224,25,,,0
19019,'1489109',1424,,1225,25,,,0
19019,'1489110',1504,,1226,25,,,0
19019,'1489111',1544,,1227,25,,,0
19019,'1489112',1624,,1228,25,,,0
19019,'1489113',1704,,1229,25,,,0
19019,'1489114',1744,,1230,25,,,0
19019,'1489115',1824,,1231,25,,,0
19019,'1489116',724,,1232,25,,,0
19019,'1489117',804,,1233,25,,,0
19019,'1489118',844,,1234,25,,,0
19019,'1489119',924,,1235,25,,,0
19019,'1489120',1004,,1236,25,,,0
19019,'1489121',1044,,1237,25,,,0
19019,'1489122',1124,,1238,25,,,0
19019,'1489123',1204,,1239,25,,,0
19019,'1489124',1244,,1240,25,,,0
19019,'1489125',1324,,1241,25,,,0
19019,'1489126',1404,,1242,25,,,0
19019,'1489127',1444,,1243,25,,,0
19019,'1489128',1524,,1244,25,,,0
19019,'1489129',1604,,1245,25,,,0
19019,'1489130',1644,,1246,25,,,0
19019,'1489131',1724,,1247,25,,,0
19019,'1489132',1804,,1248,25,,,0
66019,'1489865',812,,1047,11,,,0
66019,'1489866',842,,1048,11,,,0
66019,'1489867',912,,1049,11,,,0
66019,'1489868',942,,1050,11,,,0
66019,'1489869',1012,,1051,11,,,0
66019,'1489870',1042,,1052,11,,,0
66019,'1489871',1112,,1053,11,,,0
66019,'1489872',1142,,1054,11,,,0
66019,'1489873',1212,,1055,11,,,0
66019,'1489874',1242,,1056,11,,,0
66019,'1489875',1312,,1057,11,,,0
66019,'1489876',1342,,1058,11,,,0
66019,'1489877',1412,,1059,11,,,0
66019,'1489878',1442,,1060,11,,,0
66019,'1489879',1512,,1061,11,,,0
66019,'1489880',1542,,1062,11,,,0
66019,'1489881',1612,,1063,11,,,0
66019,'1489882',1642,,1064,11,,,0
66019,'1489883',1712,,1065,11,,,0
901019,'1480871',627,,454,8,0,6,0
901019,'1480872',747,,455,8,0,6,0
901019,'1490032',902,,1584,56,0,16 17,0
901019,'1490033',1022,,1585,56,0,16 17,0
901019,'1490034',1142,,1586,56,0,16 17,0
901019,'1490035',1302,,1587,56,0,16 17,0
901019,'1490036',1422,,1588,56,0,16 17,0
901019,'1490037',1542,,1589,56,0,16 17,0
901019,'1490038',1702,,1590,56,0,16 17,0
901019,'1490039',1822,,1591,56,0,16 17,0
901019,'1490040',1942,,1592,56,0,16 17,0
901019,'1490041',2102,,1593,56,0,16 17,0
901019,'1490042',2222,,1594,56,0,16 17,0
901019,'1497384',1942,,1607,56,0,16 17,0
901019,'1497385',2102,,1608,56,0,16 17,0
901019,'1497386',2222,,1609,56,0,16 17,0
902019,'1490054',1902,,1610,24,0,16 17,0
902019,'1490055',2022,,1611,24,0,16 17,0
902019,'1490056',2142,,1612,24,0,16 17,0
902019,'1490057',822,,1613,24,0,16 17,0
902019,'1490058',942,,1614,24,0,16 17,0
902019,'1490059',1102,,1615,24,0,16 17,0
902019,'1490060',1222,,1616,24,0,16 17,0
902019,'1490061',1342,,1617,24,0,16 17,0
902019,'1490062',1502,,1618,24,0,16 17,0
902019,'1490063',1622,,1619,24,0,16 17,0
902019,'1490064',1742,,1620,24,0,16 17,0
902019,'1490065',1902,,1621,24,0,16 17,0
902019,'1490066',2022,,1622,24,0,16 17,0
902019,'1490067',2142,,1623,24,0,16 17,0
