14019,'1494878',657,,793,22,,,0
14019,'1494879',737,,794,22,,,0
14019,'1494880',817,,795,22,,,0
14019,'1494881',857,,796,22,,,0
14019,'1494882',937,,797,22,,,0
14019,'1494883',1017,,798,22,,,0
14019,'1494884',1057,,799,22,,,0
14019,'1494885',1137,,800,22,,,0
14019,'1494886',1217,,801,22,,,0
14019,'1494887',1257,,802,22,,,0
14019,'1494888',1337,,803,22,,,0
14019,'1494889',1417,,804,22,,,0
14019,'1494890',1457,,805,22,,,0
14019,'1494891',1537,,806,22,,,0
14019,'1494892',1617,,807,22,,,0
14019,'1494893',1657,,808,22,,,0
14019,'1494894',1737,,809,22,,,0
14019,'1494895',1817,,810,22,,,0
14019,'1494896',1857,,811,22,,,0
14019,'1494897',1937,,812,22,,,0
14019,'1494898',2017,,813,22,,,0
14019,'1494899',2057,,814,22,,,0
14019,'1494900',2137,,815,22,,,0
14019,'1494901',2217,,816,22,,,0
14019,'1494902',817,,817,22,,,0
14019,'1494903',857,,818,22,,,0
14019,'1494904',937,,819,22,,,0
14019,'1494905',1017,,820,22,,,0
14019,'1494906',1057,,821,22,,,0
14019,'1494907',1137,,822,22,,,0
14019,'1494908',1217,,823,22,,,0
14019,'1494909',1257,,824,22,,,0
14019,'1494910',1337,,825,22,,,0
14019,'1494911',1417,,826,22,,,0
14019,'1494912',1457,,827,22,,,0
14019,'1494913',1537,,828,22,,,0
14019,'1494914',1617,,829,22,,,0
14019,'1494915',1657,,830,22,,,0
14019,'1494916',1737,,831,22,,,0
14019,'1494917',1817,,832,22,,,0
14019,'1494918',1857,,833,22,,,0
14019,'1494919',1937,,834,22,,,0
14019,'1494920',2017,,835,22,,,0
14019,'1494921',2057,,836,22,,,0
14019,'1494922',2137,,837,22,,,0
14019,'1494923',2217,,838,22,,,0
15019,'1492887',1915,,1660,49,,,0
15019,'1492888',2015,,1661,49,,,0
15019,'1492889',2115,,1662,49,,,0
15019,'1492890',2215,,1663,49,,,0
15019,'1495961',715,,1664,49,,,0
15019,'1495962',815,,1665,49,,,0
15019,'1495963',915,,1666,49,,,0
15019,'1495964',1015,,1667,49,,,0
15019,'1495965',1115,,1668,49,,,0
15019,'1495966',1215,,1669,49,,,0
15019,'1495967',1315,,1670,49,,,0
15019,'1495968',1415,,1671,49,,,0
15019,'1495969',1515,,1672,49,,,0
15019,'1495970',1615,,1673,49,,,0
15019,'1495971',1715,,1674,49,,,0
15019,'1495972',1815,,1675,49,,,0
15019,'1497631',715,,1676,49,,,0
15019,'1497632',815,,1677,49,,,0
15019,'1497633',915,,1678,49,,,0
15019,'1497634',1015,,1679,49,,,0
15019,'1497635',1115,,1680,49,,,0
15019,'1497636',1215,,1681,49,,,0
15019,'1497637',1315,,1682,49,,,0
15019,'1497638',1415,,1683,49,,,0
15019,'1497639',1515,,1684,49,,,0
15019,'1497640',1615,,1685,49,,,0
15019,'1497641',1715,,1686,49,,,0
15019,'1497642',1815,,1687,49,,,0
15019,'1497643',1915,,1688,49,,,0
15019,'1497644',2015,,1689,49,,,0
15019,'1497645',2115,,1690,49,,,0
15019,'1497646',2215,,1691,49,,,0
15019,'1497647',915,,1692,49,,,0
15019,'1497648',1015,,1693,49,,,0
15019,'1497649',1115,,1694,49,,,0
15019,'1497650',1215,,1695,49,,,0
15019,'1497651',1315,,1696,49,,,0
15019,'1497652',1415,,1697,49,,,0
15019,'1497653',1515,,1698,49,,,0
15019,'1497654',1615,,1699,49,,,0
15019,'1497655',1715,,1700,49,,,0
15019,'1497656',1815,,1701,49,,,0
15019,'1497657',1915,,1702,49,,,0
15019,'1497658',2015,,1703,49,,,0
15019,'1497659',2115,,1704,49,,,0
15019,'1497660',2215,,1705,49,,,0
