1019,'1483501',746,,25,7,0,18,0
2019,'1483532',746,,885,7,,,0
2019,'1486350',644,,1505,19,,,0
2019,'1486351',724,,1506,19,,,0
2019,'1486352',804,,1507,19,,,0
2019,'1486353',844,,1508,19,,,0
2019,'1486354',924,,1509,19,,,0
2019,'1486355',1004,,1510,19,,,0
2019,'1486356',1044,,1511,19,,,0
2019,'1486357',1124,,1512,19,,,0
2019,'1486358',1204,,1513,19,,,0
2019,'1486359',1244,,1514,19,,,0
2019,'1486360',1324,,1515,19,,,0
2019,'1486361',1404,,1516,19,,,0
2019,'1486362',1444,,1517,19,,,0
2019,'1486363',1524,,1518,19,,,0
2019,'1486364',1604,,1519,19,,,0
2019,'1486365',1644,,1520,19,,,0
2019,'1486366',1724,,1521,19,,,0
2019,'1486367',824,,1522,36,,,0
2019,'1486368',904,,1523,36,,,0
2019,'1486369',944,,1524,36,,,0
2019,'1486370',1024,,1525,36,,,0
2019,'1486371',1104,,1526,36,,,0
2019,'1486372',1144,,1527,36,,,0
2019,'1486373',1224,,1528,36,,,0
2019,'1486374',1304,,1529,36,,,0
2019,'1486375',1344,,1530,36,,,0
2019,'1486376',1424,,1531,36,,,0
2019,'1486377',1504,,1532,36,,,0
2019,'1486378',1544,,1533,36,,,0
2019,'1486379',1624,,1534,36,,,0
2019,'1486380',1704,,1535,36,,,0
2019,'1486381',1744,,1536,36,,,0
2019,'1486382',1824,,1537,36,,,0
2019,'1486958',1804,,1538,19,,,0
3019,'1486996',755,,1149,11,,,0
3019,'1486997',845,,1150,11,,,0
3019,'1486998',925,,1151,11,,,0
3019,'1486999',1005,,1152,11,,,0
3019,'1487000',1045,,1153,11,,,0
3019,'1487001',1125,,1154,11,,,0
3019,'1487002',1205,,1155,11,,,0
3019,'1487003',1245,,1156,11,,,0
3019,'1487004',1325,,1157,11,,,0
3019,'1487005',1405,,1158,11,,,0
3019,'1487006',1445,,1159,11,,,0
3019,'1487007',1525,,1160,11,,,0
3019,'1487008',1605,,1161,11,,,0
3019,'1487009',1645,,1162,11,,,0
4019,'1480746',624,,63,3,,,0
4019,'1480747',744,,64,3,,,0
