66019,'1491659',805,,744,4,,,0
66019,'1491660',835,,745,4,,,0
66019,'1491661',905,,746,4,,,0
66019,'1491662',935,,747,4,,,0
66019,'1491663',1005,,748,4,,,0
66019,'1491664',1035,,749,4,,,0
66019,'1491665',1105,,750,4,,,0
66019,'1491666',1135,,751,4,,,0
66019,'1491667',1205,,752,4,,,0
66019,'1491668',1235,,753,4,,,0
66019,'1491669',1305,,754,4,,,0
66019,'1491670',1335,,755,4,,,0
66019,'1491671',1405,,756,4,,,0
66019,'1491672',1435,,757,4,,,0
66019,'1491673',1505,,758,4,,,0
66019,'1491674',1535,,759,4,,,0
66019,'1491675',1605,,760,4,,,0
66019,'1491676',1635,,761,4,,,0
66019,'1491677',1705,,762,4,,,0
