15019,'1480582',620,,255,1,0,6,0
15019,'1480583',820,,256,1,0,6,0
93019,'1496012',755,,1295,35,,,0
93019,'1496013',855,,1296,35,,,0
93019,'1496014',955,,1297,35,,,0
93019,'1496015',1055,,1298,35,,,0
93019,'1496016',1155,,1299,35,,,0
93019,'1496017',1255,,1300,35,,,0
93019,'1496018',1355,,1301,35,,,0
93019,'1496019',1455,,1302,35,,,0
93019,'1496020',1555,,1303,35,,,0
93019,'1496021',1655,,1304,35,,,0
93019,'1496022',1755,,1305,35,,,0
901019,'1490032',905,,1584,58,,,0
901019,'1490033',1025,,1585,58,,,0
901019,'1490034',1145,,1586,58,,,0
901019,'1490035',1305,,1587,58,,,0
901019,'1490036',1425,,1588,58,,,0
901019,'1490037',1545,,1589,58,,,0
901019,'1490038',1705,,1590,58,,,0
901019,'1490039',1825,,1591,58,,,0
901019,'1490040',1945,,1592,58,,,0
901019,'1490041',2105,,1593,58,,,0
901019,'1490042',2225,,1594,58,,,0
901019,'1497372',715,,1595,34,0,6,0
901019,'1497373',815,,1596,34,0,6,0
901019,'1497374',915,,1597,34,0,6,0
901019,'1497375',1015,,1598,34,0,6,0
901019,'1497376',1115,,1599,34,0,6,0
901019,'1497377',1215,,1600,34,0,6,0
901019,'1497378',1315,,1601,34,0,6,0
901019,'1497379',1415,,1602,34,0,6,0
901019,'1497380',1515,,1603,34,0,6,0
901019,'1497381',1615,,1604,34,0,6,0
901019,'1497382',1715,,1605,34,0,6,0
901019,'1497383',1815,,1606,34,0,6,0
901019,'1497384',1945,,1607,58,0,16 17,0
901019,'1497385',2105,,1608,58,0,16 17,0
901019,'1497386',2225,,1609,58,0,16 17,0
902019,'1490054',1905,,1610,26,0,16 17,0
902019,'1490055',2025,,1611,26,0,16 17,0
902019,'1490056',2145,,1612,26,0,16 17,0
902019,'1490057',825,,1613,26,0,16 17,0
902019,'1490058',945,,1614,26,0,16 17,0
902019,'1490059',1105,,1615,26,0,16 17,0
902019,'1490060',1225,,1616,26,0,16 17,0
902019,'1490061',1345,,1617,26,0,16 17,0
902019,'1490062',1505,,1618,26,0,16 17,0
902019,'1490063',1625,,1619,26,0,16 17,0
902019,'1490064',1745,,1620,26,0,16 17,0
902019,'1490065',1905,,1621,26,0,16 17,0
902019,'1490066',2025,,1622,26,0,16 17,0
902019,'1490067',2145,,1623,26,0,16 17,0
902019,'1497387',735,,1625,34,0,6,0
902019,'1497388',835,,1626,34,0,6,0
902019,'1497389',935,,1627,34,0,6,0
902019,'1497390',1035,,1628,34,0,6,0
902019,'1497391',1135,,1629,34,0,6,0
902019,'1497392',1235,,1630,34,0,6,0
902019,'1497393',1335,,1631,34,0,6,0
902019,'1497394',1435,,1632,34,0,6,0
902019,'1497395',1535,,1633,34,0,6,0
902019,'1497396',1635,,1634,34,0,6,0
902019,'1497397',1735,,1635,34,0,6,0
