2019,'1480619',628,,44,10,,,0
2019,'1486350',707,,1505,39,,,0
2019,'1486351',747,,1506,39,,,0
2019,'1486352',827,,1507,39,,,0
2019,'1486353',907,,1508,39,,,0
2019,'1486354',947,,1509,39,,,0
2019,'1486355',1027,,1510,39,,,0
2019,'1486356',1107,,1511,39,,,0
2019,'1486357',1147,,1512,39,,,0
2019,'1486358',1227,,1513,39,,,0
2019,'1486359',1307,,1514,39,,,0
2019,'1486360',1347,,1515,39,,,0
2019,'1486361',1427,,1516,39,,,0
2019,'1486362',1507,,1517,39,,,0
2019,'1486363',1547,,1518,39,,,0
2019,'1486364',1627,,1519,39,,,0
2019,'1486365',1707,,1520,39,,,0
2019,'1486366',1747,,1521,39,,,0
2019,'1486367',808,,1522,17,,,0
2019,'1486368',848,,1523,17,,,0
2019,'1486369',928,,1524,17,,,0
2019,'1486370',1008,,1525,17,,,0
2019,'1486371',1048,,1526,17,,,0
2019,'1486372',1128,,1527,17,,,0
2019,'1486373',1208,,1528,17,,,0
2019,'1486374',1248,,1529,17,,,0
2019,'1486375',1328,,1530,17,,,0
2019,'1486376',1408,,1531,17,,,0
2019,'1486377',1448,,1532,17,,,0
2019,'1486378',1528,,1533,17,,,0
2019,'1486379',1608,,1534,17,,,0
2019,'1486380',1648,,1535,17,,,0
2019,'1486381',1728,,1536,17,,,0
2019,'1486382',1808,,1537,17,,,0
2019,'1486958',1827,,1538,39,,,0
