93019,'1496012',742,,1295,29,,,0
93019,'1496013',842,,1296,29,,,0
93019,'1496014',942,,1297,29,,,0
93019,'1496015',1042,,1298,29,,,0
93019,'1496016',1142,,1299,29,,,0
93019,'1496017',1242,,1300,29,,,0
93019,'1496018',1342,,1301,29,,,0
93019,'1496019',1442,,1302,29,,,0
93019,'1496020',1542,,1303,29,,,0
93019,'1496021',1642,,1304,29,,,0
93019,'1496022',1742,,1305,29,,,0
901019,'1490032',822,,1584,29,0,6,0
901019,'1490033',942,,1585,29,0,6,0
901019,'1490034',1102,,1586,29,0,6,0
901019,'1490035',1222,,1587,29,0,6,0
901019,'1490036',1342,,1588,29,0,6,0
901019,'1490037',1502,,1589,29,0,6,0
901019,'1490038',1622,,1590,29,0,6,0
901019,'1490039',1742,,1591,29,0,6,0
901019,'1490040',1902,,1592,29,0,6,0
901019,'1490041',2022,,1593,29,0,6,0
901019,'1490042',2142,,1594,29,0,6,0
901019,'1497372',702,,1595,29,0,6,0
901019,'1497373',802,,1596,29,0,6,0
901019,'1497374',902,,1597,29,0,6,0
901019,'1497375',1002,,1598,29,0,6,0
901019,'1497376',1102,,1599,29,0,6,0
901019,'1497377',1202,,1600,29,0,6,0
901019,'1497378',1302,,1601,29,0,6,0
901019,'1497379',1402,,1602,29,0,6,0
901019,'1497380',1502,,1603,29,0,6,0
901019,'1497381',1602,,1604,29,0,6,0
901019,'1497382',1702,,1605,29,0,6,0
901019,'1497383',1802,,1606,29,0,6,0
901019,'1497384',1902,,1607,29,0,6,0
901019,'1497385',2022,,1608,29,0,6,0
901019,'1497386',2142,,1609,29,0,6,0
902019,'1490054',1942,,1610,55,0,6,0
902019,'1490055',2102,,1611,55,0,6,0
902019,'1490056',2222,,1612,55,0,6,0
902019,'1490057',902,,1613,55,0,6,0
902019,'1490058',1022,,1614,55,0,6,0
902019,'1490059',1142,,1615,55,0,6,0
902019,'1490060',1302,,1616,55,0,6,0
902019,'1490061',1422,,1617,55,0,6,0
902019,'1490062',1542,,1618,55,0,6,0
902019,'1490063',1702,,1619,55,0,6,0
902019,'1490064',1822,,1620,55,0,6,0
902019,'1490065',1942,,1621,55,0,6,0
902019,'1490066',2102,,1622,55,0,6,0
902019,'1490067',2222,,1623,55,0,6,0
902019,'1490068',1822,,1624,29,0,6,0
902019,'1497387',722,,1625,29,0,6,0
902019,'1497388',822,,1626,29,0,6,0
902019,'1497389',922,,1627,29,0,6,0
902019,'1497390',1022,,1628,29,0,6,0
902019,'1497391',1122,,1629,29,0,6,0
902019,'1497392',1222,,1630,29,0,6,0
902019,'1497393',1322,,1631,29,0,6,0
902019,'1497394',1422,,1632,29,0,6,0
902019,'1497395',1522,,1633,29,0,6,0
902019,'1497396',1622,,1634,29,0,6,0
902019,'1497397',1722,,1635,29,0,6,0
