1,1019,'1481753',1
1,1019,'1481754',2
1,1019,'1482680',3
1,1019,'1482681',4
1,1019,'1482682',5
1,1019,'1482683',6
1,1019,'1482684',7
1,1019,'1482685',8
1,1019,'1482686',9
1,1019,'1482687',10
1,1019,'1482688',11
1,1019,'1482689',12
1,1019,'1482690',13
1,1019,'1482691',14
1,1019,'1482692',15
1,1019,'1482693',16
1,1019,'1482694',17
1,1019,'1482695',18
1,1019,'1482696',19
1,1019,'1482697',20
1,1019,'1482698',21
1,1019,'1482699',22
1,1019,'1482700',23
1,1019,'1482701',24
1,1019,'1483501',25
1,1019,'1485865',26
1,1019,'1485866',27
1,1019,'1485867',28
1,1019,'1485868',29
1,1019,'1485869',30
1,1019,'1485870',31
1,1019,'1485871',32
1,1019,'1485872',33
1,1019,'1485873',34
1,1019,'1485874',35
1,1019,'1485875',36
1,1019,'1485876',37
1,1019,'1485877',38
1,1019,'1485878',39
1,1019,'1485879',40
1,1019,'1485880',41
1,1019,'1485881',42
1,1019,'1485882',43
1,1019,'1485883',869
1,1019,'1485884',870
1,1019,'1485885',871
1,1019,'1485886',872
1,1019,'1485887',873
1,1019,'1485888',874
1,1019,'1485889',875
1,1019,'1485890',876
1,1019,'1485891',877
1,1019,'1485892',878
1,1019,'1485893',879
1,1019,'1485894',880
1,1019,'1485895',881
1,1019,'1485896',882
1,1019,'1485897',883
1,1019,'1485898',884
2,2019,'1480619',44
2,2019,'1483532',885
2,2019,'1486350',1505
2,2019,'1486351',1506
2,2019,'1486352',1507
2,2019,'1486353',1508
2,2019,'1486354',1509
2,2019,'1486355',1510
2,2019,'1486356',1511
2,2019,'1486357',1512
2,2019,'1486358',1513
2,2019,'1486359',1514
2,2019,'1486360',1515
2,2019,'1486361',1516
2,2019,'1486362',1517
2,2019,'1486363',1518
2,2019,'1486364',1519
2,2019,'1486365',1520
2,2019,'1486366',1521
2,2019,'1486367',1522
2,2019,'1486368',1523
2,2019,'1486369',1524
2,2019,'1486370',1525
2,2019,'1486371',1526
2,2019,'1486372',1527
2,2019,'1486373',1528
2,2019,'1486374',1529
2,2019,'1486375',1530
2,2019,'1486376',1531
2,2019,'1486377',1532
2,2019,'1486378',1533
2,2019,'1486379',1534
2,2019,'1486380',1535
2,2019,'1486381',1536
2,2019,'1486382',1537
2,2019,'1486958',1538
3,3019,'1486996',1149
3,3019,'1486997',1150
3,3019,'1486998',1151
3,3019,'1486999',1152
3,3019,'1487000',1153
3,3019,'1487001',1154
3,3019,'1487002',1155
3,3019,'1487003',1156
3,3019,'1487004',1157
3,3019,'1487005',1158
3,3019,'1487006',1159
3,3019,'1487007',1160
3,3019,'1487008',1161
3,3019,'1487009',1162
3,3019,'1497371',1539
4,4019,'1480746',63
4,4019,'1480747',64
4,4019,'1489036',65
4,4019,'1489037',66
4,4019,'1489038',67
4,4019,'1489039',68
4,4019,'1489040',69
4,4019,'1489041',70
4,4019,'1489042',71
4,4019,'1489043',72
4,4019,'1489044',73
4,4019,'1489045',74
4,4019,'1489046',75
4,4019,'1489047',76
4,4019,'1489048',77
4,4019,'1489049',78
4,4019,'1489050',79
4,4019,'1489051',80
4,4019,'1489052',81
4,4019,'1489053',82
4,4019,'1489054',83
4,4019,'1489055',84
4,4019,'1489056',85
4,4019,'1489057',86
4,4019,'1489058',87
4,4019,'1489059',88
4,4019,'1489060',89
4,4019,'1489061',90
4,4019,'1489062',91
4,4019,'1489063',92
4,4019,'1489064',93
4,4019,'1489065',94
4,4019,'1489066',95
4,4019,'1489067',96
4,4019,'1489068',97
4,4019,'1489069',98
4,4019,'1489070',99
4,4019,'1489071',100
4,4019,'1489072',101
4,4019,'1489073',102
4,4019,'1489074',103
4,4019,'1489075',104
4,4019,'1489076',105
4,4019,'1489077',106
4,4019,'1489078',107
4,4019,'1489079',108
4,4019,'1489080',109
4,4019,'1489081',110
7,7019,'1482898',111
7,7019,'1482899',112
7,7019,'1489971',113
7,7019,'1489972',114
7,7019,'1489973',115
7,7019,'1489974',116
7,7019,'1489975',117
7,7019,'1489976',118
7,7019,'1489977',917
7,7019,'1489978',918
7,7019,'1489979',919
7,7019,'1489980',920
7,7019,'1489981',921
7,7019,'1489982',922
7,7019,'1489983',119
7,7019,'1489984',120
7,7019,'1489985',121
7,7019,'1489986',122
7,7019,'1489987',123
7,7019,'1489988',124
7,7019,'1489989',923
7,7019,'1489990',924
7,7019,'1489991',925
7,7019,'1489992',926
7,7019,'1489993',927
7,7019,'1489994',928
7,7019,'1489995',125
7,7019,'1489996',126
7,7019,'1489997',127
7,7019,'1489998',128
7,7019,'1489999',129
7,7019,'1490000',130
7,7019,'1490001',131
7,7019,'1490002',132
7,7019,'1490003',133
7,7019,'1490004',134
7,7019,'1490005',135
7,7019,'1490006',136
7,7019,'1490007',137
7,7019,'1490008',138
7,7019,'1490009',139
7,7019,'1490010',140
7,7019,'1490011',929
7,7019,'1490012',930
7,7019,'1490013',931
7,7019,'1490014',932
7,7019,'1490015',933
7,7019,'1490016',934
10,10019,'1483448',161
10,10019,'1483449',162
10,10019,'1486951',163
10,10019,'1486952',164
10,10019,'1486953',165
10,10019,'1486954',166
10,10019,'1486955',167
10,10019,'1486956',168
10,10019,'1486957',169
12,12019,'1482623',170
12,12019,'1482624',171
12,12019,'1490514',1540
12,12019,'1490515',1541
12,12019,'1490516',1542
12,12019,'1490517',1543
12,12019,'1490518',1544
12,12019,'1490519',1545
12,12019,'1490520',1546
12,12019,'1490521',1547
12,12019,'1490522',1548
12,12019,'1490523',1549
12,12019,'1490524',1550
12,12019,'1490525',1551
12,12019,'1490526',1552
12,12019,'1490527',1553
12,12019,'1490528',1554
12,12019,'1490529',1555
12,12019,'1490530',1556
12,12019,'1490531',1557
12,12019,'1490532',1558
12,12019,'1490533',1559
12,12019,'1490534',1560
12,12019,'1490535',1561
12,12019,'1490536',1562
14,14019,'1480854',207
14,14019,'1480855',208
14,14019,'1494878',793
14,14019,'1494879',794
14,14019,'1494880',795
14,14019,'1494881',796
14,14019,'1494882',797
14,14019,'1494883',798
14,14019,'1494884',799
14,14019,'1494885',800
14,14019,'1494886',801
14,14019,'1494887',802
14,14019,'1494888',803
14,14019,'1494889',804
14,14019,'1494890',805
14,14019,'1494891',806
14,14019,'1494892',807
14,14019,'1494893',808
14,14019,'1494894',809
14,14019,'1494895',810
14,14019,'1494896',811
14,14019,'1494897',812
14,14019,'1494898',813
14,14019,'1494899',814
14,14019,'1494900',815
14,14019,'1494901',816
14,14019,'1494902',817
14,14019,'1494903',818
14,14019,'1494904',819
14,14019,'1494905',820
14,14019,'1494906',821
14,14019,'1494907',822
14,14019,'1494908',823
14,14019,'1494909',824
14,14019,'1494910',825
14,14019,'1494911',826
14,14019,'1494912',827
14,14019,'1494913',828
14,14019,'1494914',829
14,14019,'1494915',830
14,14019,'1494916',831
14,14019,'1494917',832
14,14019,'1494918',833
14,14019,'1494919',834
14,14019,'1494920',835
14,14019,'1494921',836
14,14019,'1494922',837
14,14019,'1494923',838
15,15019,'1480582',255
15,15019,'1480583',256
15,15019,'1494948',1395
15,15019,'1494949',1396
15,15019,'1494950',1397
15,15019,'1494951',1398
15,15019,'1494952',1399
15,15019,'1494953',1400
15,15019,'1494954',1401
15,15019,'1494955',1402
15,15019,'1494956',1403
15,15019,'1494957',1404
15,15019,'1494958',1405
15,15019,'1494959',1406
15,15019,'1494960',1407
15,15019,'1494961',1408
15,15019,'1494962',1409
15,15019,'1494963',1410
15,15019,'1494964',1411
15,15019,'1494965',1412
15,15019,'1494966',1413
15,15019,'1494967',1414
15,15019,'1494968',1415
15,15019,'1494969',1416
15,15019,'1494970',1417
15,15019,'1494971',1418
15,15019,'1494972',1419
15,15019,'1494973',1420
15,15019,'1494974',1421
15,15019,'1494975',1422
15,15019,'1494976',1423
15,15019,'1494977',1424
16,16019,'1497350',1563
16,16019,'1497351',1564
16,16019,'1497352',1565
16,16019,'1497353',1566
16,16019,'1497354',1567
16,16019,'1497355',1568
16,16019,'1497356',1569
16,16019,'1497357',1570
16,16019,'1497358',1571
16,16019,'1497359',1572
16,16019,'1497360',1573
16,16019,'1497361',1574
16,16019,'1497362',1575
16,16019,'1497363',1576
16,16019,'1497364',1577
16,16019,'1497365',1578
16,16019,'1497366',1579
16,16019,'1497367',1580
16,16019,'1497368',1581
16,16019,'1497369',1582
16,16019,'1497370',1583
19,19019,'1489098',1214
19,19019,'1489099',1215
19,19019,'1489100',1216
19,19019,'1489101',1217
19,19019,'1489102',1218
19,19019,'1489103',1219
19,19019,'1489104',1220
19,19019,'1489105',1221
19,19019,'1489106',1222
19,19019,'1489107',1223
19,19019,'1489108',1224
19,19019,'1489109',1225
19,19019,'1489110',1226
19,19019,'1489111',1227
19,19019,'1489112',1228
19,19019,'1489113',1229
19,19019,'1489114',1230
19,19019,'1489115',1231
19,19019,'1489116',1232
19,19019,'1489117',1233
19,19019,'1489118',1234
19,19019,'1489119',1235
19,19019,'1489120',1236
19,19019,'1489121',1237
19,19019,'1489122',1238
19,19019,'1489123',1239
19,19019,'1489124',1240
19,19019,'1489125',1241
19,19019,'1489126',1242
19,19019,'1489127',1243
19,19019,'1489128',1244
19,19019,'1489129',1245
19,19019,'1489130',1246
19,19019,'1489131',1247
19,19019,'1489132',1248
20,20019,'1497182',1459
20,20019,'1497183',1460
20,20019,'1497184',1461
20,20019,'1497185',1462
20,20019,'1497186',1463
20,20019,'1497187',1464
20,20019,'1497188',1465
20,20019,'1497189',1466
20,20019,'1497190',1467
20,20019,'1497191',1468
20,20019,'1497192',1469
20,20019,'1497193',1470
20,20019,'1497194',1471
20,20019,'1497195',1472
20,20019,'1497196',1473
20,20019,'1497197',1474
20,20019,'1497198',1475
20,20019,'1497199',1476
20,20019,'1497200',1477
20,20019,'1497201',1478
20,20019,'1497202',1479
20,20019,'1497203',1480
20,20019,'1497204',1481
20,20019,'1497205',1482
20,20019,'1497206',1483
20,20019,'1497207',1484
20,20019,'1497208',1485
20,20019,'1497209',1486
20,20019,'1497210',1487
20,20019,'1497211',1488
20,20019,'1497212',1489
20,20019,'1497213',1490
20,20019,'1497214',1491
20,20019,'1497215',1492
20,20019,'1497216',1493
20,20019,'1497217',1494
20,20019,'1497218',1495
20,20019,'1497219',1496
20,20019,'1497220',1497
20,20019,'1497221',1498
20,20019,'1497222',1499
20,20019,'1497223',1500
20,20019,'1497224',1501
20,20019,'1497225',1502
20,20019,'1497226',1503
20,20019,'1497227',1504
66,66019,'1489865',1047
66,66019,'1489866',1048
66,66019,'1489867',1049
66,66019,'1489868',1050
66,66019,'1489869',1051
66,66019,'1489870',1052
66,66019,'1489871',1053
66,66019,'1489872',1054
66,66019,'1489873',1055
66,66019,'1489874',1056
66,66019,'1489875',1057
66,66019,'1489876',1058
66,66019,'1489877',1059
66,66019,'1489878',1060
66,66019,'1489879',1061
66,66019,'1489880',1062
66,66019,'1489881',1063
66,66019,'1489882',1064
66,66019,'1489883',1065
68,6809,'1480935',1066
68,6809,'1480939',1067
68,6809,'1482170',1068
68,6809,'1482171',1069
68,6809,'1482172',1070
68,6809,'1482173',1071
68,6809,'1482174',1072
68,6809,'1482175',1073
93,93019,'1487148',1074
93,93019,'1496012',1295
93,93019,'1496013',1296
93,93019,'1496014',1297
93,93019,'1496015',1298
93,93019,'1496016',1299
93,93019,'1496017',1300
93,93019,'1496018',1301
93,93019,'1496019',1302
93,93019,'1496020',1303
93,93019,'1496021',1304
93,93019,'1496022',1305
901,901019,'1480871',454
901,901019,'1480872',455
901,901019,'1490032',1584
901,901019,'1490033',1585
901,901019,'1490034',1586
901,901019,'1490035',1587
901,901019,'1490036',1588
901,901019,'1490037',1589
901,901019,'1490038',1590
901,901019,'1490039',1591
901,901019,'1490040',1592
901,901019,'1490041',1593
901,901019,'1490042',1594
901,901019,'1497372',1595
901,901019,'1497373',1596
901,901019,'1497374',1597
901,901019,'1497375',1598
901,901019,'1497376',1599
901,901019,'1497377',1600
901,901019,'1497378',1601
901,901019,'1497379',1602
901,901019,'1497380',1603
901,901019,'1497381',1604
901,901019,'1497382',1605
901,901019,'1497383',1606
901,901019,'1497384',1607
901,901019,'1497385',1608
901,901019,'1497386',1609
902,902019,'1488258',501
902,902019,'1488259',502
902,902019,'1490054',1610
902,902019,'1490055',1611
902,902019,'1490056',1612
902,902019,'1490057',1613
902,902019,'1490058',1614
902,902019,'1490059',1615
902,902019,'1490060',1616
902,902019,'1490061',1617
902,902019,'1490062',1618
902,902019,'1490063',1619
902,902019,'1490064',1620
902,902019,'1490065',1621
902,902019,'1490066',1622
902,902019,'1490067',1623
902,902019,'1490068',1624
902,902019,'1497387',1625
902,902019,'1497388',1626
902,902019,'1497389',1627
902,902019,'1497390',1628
902,902019,'1497391',1629
902,902019,'1497392',1630
902,902019,'1497393',1631
902,902019,'1497394',1632
902,902019,'1497395',1633
902,902019,'1497396',1634
902,902019,'1497397',1635
30000,30000019,'1496023',1329
30000,30000019,'1496024',1330
30000,30000019,'1496025',1331
30000,30000019,'1496026',1332
30000,30000019,'1496027',1333
30000,30000019,'1496028',1334
30000,30000019,'1496029',1335
30000,30000019,'1496030',1336
30000,30000019,'1496031',1337
