19019,'1489098',700,,1214,23,,,0
19019,'1489099',740,,1215,23,,,0
19019,'1489100',820,,1216,23,,,0
19019,'1489101',900,,1217,23,,,0
19019,'1489102',940,,1218,23,,,0
19019,'1489103',1020,,1219,23,,,0
19019,'1489104',1100,,1220,23,,,0
19019,'1489105',1140,,1221,23,,,0
19019,'1489106',1220,,1222,23,,,0
19019,'1489107',1300,,1223,23,,,0
19019,'1489108',1340,,1224,23,,,0
19019,'1489109',1420,,1225,23,,,0
19019,'1489110',1500,,1226,23,,,0
19019,'1489111',1540,,1227,23,,,0
19019,'1489112',1620,,1228,23,,,0
19019,'1489113',1700,,1229,23,,,0
19019,'1489114',1740,,1230,23,,,0
19019,'1489115',1820,,1231,23,,,0
19019,'1489116',720,,1232,23,,,0
19019,'1489117',800,,1233,23,,,0
19019,'1489118',840,,1234,23,,,0
19019,'1489119',920,,1235,23,,,0
19019,'1489120',1000,,1236,23,,,0
19019,'1489121',1040,,1237,23,,,0
19019,'1489122',1120,,1238,23,,,0
19019,'1489123',1200,,1239,23,,,0
19019,'1489124',1240,,1240,23,,,0
19019,'1489125',1320,,1241,23,,,0
19019,'1489126',1400,,1242,23,,,0
19019,'1489127',1440,,1243,23,,,0
19019,'1489128',1520,,1244,23,,,0
19019,'1489129',1600,,1245,23,,,0
19019,'1489130',1640,,1246,23,,,0
19019,'1489131',1720,,1247,23,,,0
19019,'1489132',1800,,1248,23,,,0
901019,'1490032',900,,1584,54,0,16 17,0
901019,'1490033',1020,,1585,54,0,16 17,0
901019,'1490034',1140,,1586,54,0,16 17,0
901019,'1490035',1300,,1587,54,0,16 17,0
901019,'1490036',1420,,1588,54,0,16 17,0
901019,'1490037',1540,,1589,54,0,16 17,0
901019,'1490038',1700,,1590,54,0,16 17,0
901019,'1490039',1820,,1591,54,0,16 17,0
901019,'1490040',1940,,1592,54,0,16 17,0
901019,'1490041',2100,,1593,54,0,16 17,0
901019,'1490042',2220,,1594,54,0,16 17,0
901019,'1497384',1940,,1607,54,0,16 17,0
901019,'1497385',2100,,1608,54,0,16 17,0
901019,'1497386',2220,,1609,54,0,16 17,0
902019,'1490054',1900,,1610,22,0,16 17,0
902019,'1490055',2020,,1611,22,0,16 17,0
902019,'1490056',2140,,1612,22,0,16 17,0
902019,'1490057',820,,1613,22,0,16 17,0
902019,'1490058',940,,1614,22,0,16 17,0
902019,'1490059',1100,,1615,22,0,16 17,0
902019,'1490060',1220,,1616,22,0,16 17,0
902019,'1490061',1340,,1617,22,0,16 17,0
902019,'1490062',1500,,1618,22,0,16 17,0
902019,'1490063',1620,,1619,22,0,16 17,0
902019,'1490064',1740,,1620,22,0,16 17,0
902019,'1490065',1900,,1621,22,0,16 17,0
902019,'1490066',2020,,1622,22,0,16 17,0
902019,'1490067',2140,,1623,22,0,16 17,0
30000019,'1496023',842,,1329,15,,,0
30000019,'1496024',942,,1330,15,,,0
30000019,'1496025',1042,,1331,15,,,0
30000019,'1496026',1142,,1332,15,,,0
30000019,'1496027',1242,,1333,15,,,0
30000019,'1496028',1342,,1334,15,,,0
30000019,'1496029',1442,,1335,15,,,0
30000019,'1496030',1542,,1336,15,,,0
30000019,'1496031',1642,,1337,15,,,0
