12019,'1490514',712,,1540,5,0,12 13,0
12019,'1490515',812,,1541,5,0,12 13,0
12019,'1490516',912,,1542,5,0,12 13,0
12019,'1490517',1012,,1543,5,0,12 13,0
12019,'1490518',1112,,1544,5,0,12 13,0
12019,'1490519',1212,,1545,5,0,12 13,0
12019,'1490520',1312,,1546,5,0,12 13,0
12019,'1490521',1412,,1547,5,0,12 13,0
12019,'1490522',1512,,1548,5,0,12 13,0
12019,'1490523',1612,,1549,5,0,12 13,0
12019,'1490524',1712,,1550,5,0,12 13,0
12019,'1490525',1812,,1551,5,0,12 13,0
12019,'1490526',812,,1552,5,0,12 13,0
12019,'1490527',912,,1553,5,0,12 13,0
12019,'1490528',1012,,1554,5,0,12 13,0
12019,'1490529',1112,,1555,5,0,12 13,0
12019,'1490530',1212,,1556,5,0,12 13,0
12019,'1490531',1312,,1557,5,0,12 13,0
12019,'1490532',1412,,1558,5,0,12 13,0
12019,'1490533',1512,,1559,5,0,12 13,0
12019,'1490534',1612,,1560,5,0,12 13,0
12019,'1490535',1712,,1561,5,0,12 13,0
12019,'1490536',1812,,1562,5,0,12 13,0
