1019,'1482680',800,,3,7,0,18,0
1019,'1482681',840,,4,7,0,18,0
1019,'1482682',920,,5,7,0,18,0
1019,'1482683',1000,,6,7,0,18,0
1019,'1482684',1040,,7,7,0,18,0
1019,'1482685',1120,,8,7,0,18,0
1019,'1482686',1200,,9,7,0,18,0
1019,'1482687',1240,,10,7,0,18,0
1019,'1482688',1320,,11,7,0,18,0
1019,'1482689',1400,,12,7,0,18,0
1019,'1482690',1440,,13,7,0,18,0
1019,'1482691',1520,,14,7,0,18,0
1019,'1482692',1600,,15,7,0,18,0
1019,'1482693',1640,,16,7,0,18,0
1019,'1482694',1720,,17,7,0,18,0
1019,'1482695',1800,,18,7,0,18,0
1019,'1482696',1840,,19,7,0,18,0
1019,'1482697',1920,,20,7,0,18,0
1019,'1482698',2000,,21,7,0,18,0
1019,'1482699',2040,,22,7,0,18,0
1019,'1482700',2120,,23,7,0,18,0
1019,'1482701',2200,,24,7,0,18,0
2019,'1480619',623,,44,3,,,0
2019,'1486350',659,,1505,32,,,0
2019,'1486351',739,,1506,32,,,0
2019,'1486352',819,,1507,32,,,0
2019,'1486353',859,,1508,32,,,0
2019,'1486354',939,,1509,32,,,0
2019,'1486355',1019,,1510,32,,,0
2019,'1486356',1059,,1511,32,,,0
2019,'1486357',1139,,1512,32,,,0
2019,'1486358',1219,,1513,32,,,0
2019,'1486359',1259,,1514,32,,,0
2019,'1486360',1339,,1515,32,,,0
2019,'1486361',1419,,1516,32,,,0
2019,'1486362',1459,,1517,32,,,0
2019,'1486363',1539,,1518,32,,,0
2019,'1486364',1619,,1519,32,,,0
2019,'1486365',1659,,1520,32,,,0
2019,'1486366',1739,,1521,32,,,0
2019,'1486367',801,,1522,10,,,0
2019,'1486368',841,,1523,10,,,0
2019,'1486369',921,,1524,10,,,0
2019,'1486370',1001,,1525,10,,,0
2019,'1486371',1041,,1526,10,,,0
2019,'1486372',1121,,1527,10,,,0
2019,'1486373',1201,,1528,10,,,0
2019,'1486374',1241,,1529,10,,,0
2019,'1486375',1321,,1530,10,,,0
2019,'1486376',1401,,1531,10,,,0
2019,'1486377',1441,,1532,10,,,0
2019,'1486378',1521,,1533,10,,,0
2019,'1486379',1601,,1534,10,,,0
2019,'1486380',1641,,1535,10,,,0
2019,'1486381',1721,,1536,10,,,0
2019,'1486382',1801,,1537,10,,,0
2019,'1486958',1819,,1538,32,,,0
