7019,'1489971',705,,113,29,0,7,0
7019,'1489972',745,,114,29,0,7,0
7019,'1489973',825,,115,29,0,7,0
7019,'1489974',905,,116,29,0,7,0
7019,'1489975',945,,117,29,0,7,0
7019,'1489976',1025,,118,29,0,7,0
7019,'1489977',1105,,917,29,0,7,0
7019,'1489978',1145,,918,29,0,7,0
7019,'1489979',1225,,919,29,0,7,0
7019,'1489980',1305,,920,29,0,7,0
7019,'1489981',1345,,921,29,0,7,0
7019,'1489982',1425,,922,29,0,7,0
7019,'1489983',1505,,119,29,0,7,0
7019,'1489984',1545,,120,29,0,7,0
7019,'1489985',1625,,121,29,0,7,0
7019,'1489986',1705,,122,29,0,7,0
7019,'1489987',1745,,123,29,0,7,0
7019,'1489988',1825,,124,29,0,7,0
7019,'1489989',1905,,923,29,0,7,0
7019,'1489990',1945,,924,29,0,7,0
7019,'1489991',2025,,925,29,0,7,0
7019,'1489992',2105,,926,29,0,7,0
7019,'1489993',2145,,927,29,0,7,0
7019,'1489994',2225,,928,29,0,7,0
7019,'1489995',825,,125,29,0,7,0
7019,'1489996',905,,126,29,0,7,0
7019,'1489997',945,,127,29,0,7,0
7019,'1489998',1025,,128,29,0,7,0
7019,'1489999',1105,,129,29,0,7,0
7019,'1490000',1145,,130,29,0,7,0
7019,'1490001',1225,,131,29,0,7,0
7019,'1490002',1305,,132,29,0,7,0
7019,'1490003',1345,,133,29,0,7,0
7019,'1490004',1425,,134,29,0,7,0
7019,'1490005',1505,,135,29,0,7,0
7019,'1490006',1545,,136,29,0,7,0
7019,'1490007',1625,,137,29,0,7,0
7019,'1490008',1705,,138,29,0,7,0
7019,'1490009',1745,,139,29,0,7,0
7019,'1490010',1825,,140,29,0,7,0
7019,'1490011',1905,,929,29,0,7,0
7019,'1490012',1945,,930,29,0,7,0
7019,'1490013',2025,,931,29,0,7,0
7019,'1490014',2105,,932,29,0,7,0
7019,'1490015',2145,,933,29,0,7,0
7019,'1490016',2225,,934,29,0,7,0
