7019,'1482898',628,,111,3,0,8,0
7019,'1482899',748,,112,3,0,8,0
12019,'1482623',658,,170,3,0,8,0
12019,'1482624',758,,171,3,0,8,0
16019,'1497350',756,,1563,14,0,9 10,0
16019,'1497351',856,,1564,14,0,9 10,0
16019,'1497352',956,,1565,14,0,9 10,0
16019,'1497353',1056,,1566,14,0,9 10,0
16019,'1497354',1156,,1567,14,0,9 10,0
16019,'1497355',1256,,1568,14,0,9 10,0
16019,'1497356',1356,,1569,14,0,9 10,0
16019,'1497357',1456,,1570,14,0,9 10,0
16019,'1497358',1556,,1571,14,0,9 10,0
16019,'1497359',1656,,1572,14,0,9 10,0
16019,'1497360',1756,,1573,14,0,9 10,0
16019,'1497361',856,,1574,14,0,9 10,0
16019,'1497362',956,,1575,14,0,9 10,0
16019,'1497363',1056,,1576,14,0,9 10,0
16019,'1497364',1156,,1577,14,0,9 10,0
16019,'1497365',1256,,1578,14,0,9 10,0
16019,'1497366',1356,,1579,14,0,9 10,0
16019,'1497367',1456,,1580,14,0,9 10,0
16019,'1497368',1556,,1581,14,0,9 10,0
16019,'1497369',1656,,1582,14,0,9 10,0
16019,'1497370',1756,,1583,14,0,9 10,0
