20019,'1497182',650,,1459,16,,,0
20019,'1497183',730,,1460,16,,,0
20019,'1497184',810,,1461,16,,,0
20019,'1497185',850,,1462,16,,,0
20019,'1497186',930,,1463,16,,,0
20019,'1497187',1010,,1464,16,,,0
20019,'1497188',1050,,1465,16,,,0
20019,'1497189',1130,,1466,16,,,0
20019,'1497190',1210,,1467,16,,,0
20019,'1497191',1250,,1468,16,,,0
20019,'1497192',1330,,1469,16,,,0
20019,'1497193',1410,,1470,16,,,0
20019,'1497194',1450,,1471,16,,,0
20019,'1497195',1530,,1472,16,,,0
20019,'1497196',1610,,1473,16,,,0
20019,'1497197',1650,,1474,16,,,0
20019,'1497198',1730,,1475,16,,,0
20019,'1497199',1810,,1476,16,,,0
20019,'1497200',1850,,1477,16,,,0
20019,'1497201',1930,,1478,16,,,0
20019,'1497202',2010,,1479,16,,,0
20019,'1497203',2050,,1480,16,,,0
20019,'1497204',2130,,1481,16,,,0
20019,'1497205',2210,,1482,16,,,0
20019,'1497206',810,,1483,16,,,0
20019,'1497207',850,,1484,16,,,0
20019,'1497208',930,,1485,16,,,0
20019,'1497209',1010,,1486,16,,,0
20019,'1497210',1050,,1487,16,,,0
20019,'1497211',1130,,1488,16,,,0
20019,'1497212',1210,,1489,16,,,0
20019,'1497213',1250,,1490,16,,,0
20019,'1497214',1330,,1491,16,,,0
20019,'1497215',1410,,1492,16,,,0
20019,'1497216',1450,,1493,16,,,0
20019,'1497217',1530,,1494,16,,,0
20019,'1497218',1610,,1495,16,,,0
20019,'1497219',1650,,1496,16,,,0
20019,'1497220',1730,,1497,16,,,0
20019,'1497221',1810,,1498,16,,,0
20019,'1497222',1850,,1499,16,,,0
20019,'1497223',1930,,1500,16,,,0
20019,'1497224',2010,,1501,16,,,0
20019,'1497225',2050,,1502,16,,,0
20019,'1497226',2130,,1503,16,,,0
20019,'1497227',2210,,1504,16,,,0
6809,'1480935',843,,1066,2,,,0
6809,'1480939',1543,,1067,2,,,0
