19019,'1489098',640,,1214,9,,,0
19019,'1489099',720,,1215,9,,,0
19019,'1489100',800,,1216,9,,,0
19019,'1489101',840,,1217,9,,,0
19019,'1489102',920,,1218,9,,,0
19019,'1489103',1000,,1219,9,,,0
19019,'1489104',1040,,1220,9,,,0
19019,'1489105',1120,,1221,9,,,0
19019,'1489106',1200,,1222,9,,,0
19019,'1489107',1240,,1223,9,,,0
19019,'1489108',1320,,1224,9,,,0
19019,'1489109',1400,,1225,9,,,0
19019,'1489110',1440,,1226,9,,,0
19019,'1489111',1520,,1227,9,,,0
19019,'1489112',1600,,1228,9,,,0
19019,'1489113',1640,,1229,9,,,0
19019,'1489114',1720,,1230,9,,,0
19019,'1489115',1800,,1231,9,,,0
19019,'1489116',700,,1232,9,,,0
19019,'1489117',740,,1233,9,,,0
19019,'1489118',820,,1234,9,,,0
19019,'1489119',900,,1235,9,,,0
19019,'1489120',940,,1236,9,,,0
19019,'1489121',1020,,1237,9,,,0
19019,'1489122',1100,,1238,9,,,0
19019,'1489123',1140,,1239,9,,,0
19019,'1489124',1220,,1240,9,,,0
19019,'1489125',1300,,1241,9,,,0
19019,'1489126',1340,,1242,9,,,0
19019,'1489127',1420,,1243,9,,,0
19019,'1489128',1500,,1244,9,,,0
19019,'1489129',1540,,1245,9,,,0
19019,'1489130',1620,,1246,9,,,0
19019,'1489131',1700,,1247,9,,,0
19019,'1489132',1740,,1248,9,,,0
901019,'1490032',840,,1584,41,0,16 17,0
901019,'1490033',1000,,1585,41,0,16 17,0
901019,'1490034',1120,,1586,41,0,16 17,0
901019,'1490035',1240,,1587,41,0,16 17,0
901019,'1490036',1400,,1588,41,0,16 17,0
901019,'1490037',1520,,1589,41,0,16 17,0
901019,'1490038',1640,,1590,41,0,16 17,0
901019,'1490039',1800,,1591,41,0,16 17,0
901019,'1490040',1920,,1592,41,0,16 17,0
901019,'1490041',2040,,1593,41,0,16 17,0
901019,'1490042',2200,,1594,41,0,16 17,0
901019,'1497384',1920,,1607,41,0,16 17,0
901019,'1497385',2040,,1608,41,0,16 17,0
901019,'1497386',2200,,1609,41,0,16 17,0
902019,'1490054',1840,,1610,9,0,16 17,0
902019,'1490055',2000,,1611,9,0,16 17,0
902019,'1490056',2120,,1612,9,0,16 17,0
902019,'1490057',800,,1613,9,0,16 17,0
902019,'1490058',920,,1614,9,0,16 17,0
902019,'1490059',1040,,1615,9,0,16 17,0
902019,'1490060',1200,,1616,9,0,16 17,0
902019,'1490061',1320,,1617,9,0,16 17,0
902019,'1490062',1440,,1618,9,0,16 17,0
902019,'1490063',1600,,1619,9,0,16 17,0
902019,'1490064',1720,,1620,9,0,16 17,0
902019,'1490065',1840,,1621,9,0,16 17,0
902019,'1490066',2000,,1622,9,0,16 17,0
902019,'1490067',2120,,1623,9,0,16 17,0
30000019,'1496023',831,,1329,10,,,0
30000019,'1496024',931,,1330,10,,,0
30000019,'1496025',1031,,1331,10,,,0
30000019,'1496026',1131,,1332,10,,,0
30000019,'1496027',1231,,1333,10,,,0
30000019,'1496028',1331,,1334,10,,,0
30000019,'1496029',1431,,1335,10,,,0
30000019,'1496030',1531,,1336,10,,,0
30000019,'1496031',1631,,1337,10,,,0
