901019,'1490032',832,,1584,34,0,16 17,0
901019,'1490033',952,,1585,34,0,16 17,0
901019,'1490034',1112,,1586,34,0,16 17,0
901019,'1490035',1232,,1587,34,0,16 17,0
901019,'1490036',1352,,1588,34,0,16 17,0
901019,'1490037',1512,,1589,34,0,16 17,0
901019,'1490038',1632,,1590,34,0,16 17,0
901019,'1490039',1752,,1591,34,0,16 17,0
901019,'1490040',1912,,1592,34,0,16 17,0
901019,'1490041',2032,,1593,34,0,16 17,0
901019,'1490042',2152,,1594,34,0,16 17,0
901019,'1497384',1912,,1607,34,0,16 17,0
901019,'1497385',2032,,1608,34,0,16 17,0
901019,'1497386',2152,,1609,34,0,16 17,0
902019,'1490054',1832,,1610,2,0,16 17,0
902019,'1490055',1952,,1611,2,0,16 17,0
902019,'1490056',2112,,1612,2,0,16 17,0
902019,'1490057',752,,1613,2,0,16 17,0
902019,'1490058',912,,1614,2,0,16 17,0
902019,'1490059',1032,,1615,2,0,16 17,0
902019,'1490060',1152,,1616,2,0,16 17,0
902019,'1490061',1312,,1617,2,0,16 17,0
902019,'1490062',1432,,1618,2,0,16 17,0
902019,'1490063',1552,,1619,2,0,16 17,0
902019,'1490064',1712,,1620,2,0,16 17,0
902019,'1490065',1832,,1621,2,0,16 17,0
902019,'1490066',1952,,1622,2,0,16 17,0
902019,'1490067',2112,,1623,2,0,16 17,0
