7019,'1489971',646,,113,10,0,7,0
7019,'1489972',726,,114,10,0,7,0
7019,'1489973',806,,115,10,0,7,0
7019,'1489974',846,,116,10,0,7,0
7019,'1489975',926,,117,10,0,7,0
7019,'1489976',1006,,118,10,0,7,0
7019,'1489977',1046,,917,10,0,7,0
7019,'1489978',1126,,918,10,0,7,0
7019,'1489979',1206,,919,10,0,7,0
7019,'1489980',1246,,920,10,0,7,0
7019,'1489981',1326,,921,10,0,7,0
7019,'1489982',1406,,922,10,0,7,0
7019,'1489983',1446,,119,10,0,7,0
7019,'1489984',1526,,120,10,0,7,0
7019,'1489985',1606,,121,10,0,7,0
7019,'1489986',1646,,122,10,0,7,0
7019,'1489987',1726,,123,10,0,7,0
7019,'1489988',1806,,124,10,0,7,0
7019,'1489989',1846,,923,10,0,7,0
7019,'1489990',1926,,924,10,0,7,0
7019,'1489991',2006,,925,10,0,7,0
7019,'1489992',2046,,926,10,0,7,0
7019,'1489993',2126,,927,10,0,7,0
7019,'1489994',2206,,928,10,0,7,0
7019,'1489995',806,,125,10,0,7,0
7019,'1489996',846,,126,10,0,7,0
7019,'1489997',926,,127,10,0,7,0
7019,'1489998',1006,,128,10,0,7,0
7019,'1489999',1046,,129,10,0,7,0
7019,'1490000',1126,,130,10,0,7,0
7019,'1490001',1206,,131,10,0,7,0
7019,'1490002',1246,,132,10,0,7,0
7019,'1490003',1326,,133,10,0,7,0
7019,'1490004',1406,,134,10,0,7,0
7019,'1490005',1446,,135,10,0,7,0
7019,'1490006',1526,,136,10,0,7,0
7019,'1490007',1606,,137,10,0,7,0
7019,'1490008',1646,,138,10,0,7,0
7019,'1490009',1726,,139,10,0,7,0
7019,'1490010',1806,,140,10,0,7,0
7019,'1490011',1846,,929,10,0,7,0
7019,'1490012',1926,,930,10,0,7,0
7019,'1490013',2006,,931,10,0,7,0
7019,'1490014',2046,,932,10,0,7,0
7019,'1490015',2126,,933,10,0,7,0
7019,'1490016',2206,,934,10,0,7,0
20019,'1487191',646,,1001,15,,,0
20019,'1487192',726,,1002,15,,,0
20019,'1487193',806,,1003,15,,,0
20019,'1487194',846,,1004,15,,,0
20019,'1487195',926,,1005,15,,,0
20019,'1487196',1006,,1006,15,,,0
20019,'1487197',1046,,1007,15,,,0
20019,'1487198',1126,,1008,15,,,0
20019,'1487199',1206,,1009,15,,,0
20019,'1487200',1246,,1010,15,,,0
20019,'1487201',1326,,1011,15,,,0
20019,'1487202',1406,,1012,15,,,0
20019,'1487203',1446,,1013,15,,,0
20019,'1487204',1526,,1014,15,,,0
20019,'1487205',1606,,1015,15,,,0
20019,'1487206',1646,,1016,15,,,0
20019,'1487207',1726,,1017,15,,,0
20019,'1487208',1806,,1018,15,,,0
20019,'1487209',1846,,1019,15,,,0
20019,'1487210',1926,,1020,15,,,0
20019,'1487211',2006,,1021,15,,,0
20019,'1487212',2046,,1022,15,,,0
20019,'1487213',2126,,1023,15,,,0
20019,'1487214',2206,,1024,15,,,0
20019,'1492422',646,,1249,14,,,0
20019,'1492423',726,,1250,14,,,0
20019,'1492424',806,,1251,14,,,0
20019,'1492425',846,,1252,14,,,0
20019,'1492426',926,,1253,14,,,0
20019,'1492427',1006,,1254,14,,,0
20019,'1492428',1046,,1255,14,,,0
20019,'1492429',1126,,1256,14,,,0
20019,'1492430',1206,,1257,14,,,0
20019,'1492431',1246,,1258,14,,,0
20019,'1492432',1326,,1259,14,,,0
20019,'1492433',1406,,1260,14,,,0
20019,'1492434',1446,,1261,14,,,0
20019,'1492435',1526,,1262,14,,,0
20019,'1492436',1606,,1263,14,,,0
20019,'1492437',1646,,1264,14,,,0
20019,'1492438',1726,,1265,14,,,0
20019,'1492439',1806,,1266,14,,,0
20019,'1492440',806,,1267,14,,,0
20019,'1492441',846,,1268,14,,,0
20019,'1492442',926,,1269,14,,,0
20019,'1492443',1006,,1270,14,,,0
20019,'1492444',1046,,1271,14,,,0
20019,'1492445',1126,,1272,14,,,0
20019,'1492446',1206,,1273,14,,,0
20019,'1492447',1246,,1274,14,,,0
20019,'1492448',1326,,1275,14,,,0
20019,'1492449',1406,,1276,14,,,0
20019,'1492450',1446,,1277,14,,,0
20019,'1492451',1526,,1278,14,,,0
20019,'1492452',1606,,1279,14,,,0
20019,'1492453',1646,,1280,14,,,0
20019,'1492454',1726,,1281,14,,,0
20019,'1492455',1806,,1282,14,,,0
20019,'1496039',1846,,1283,14,,,0
20019,'1496040',1926,,1284,14,,,0
20019,'1496041',2006,,1285,14,,,0
20019,'1496042',2046,,1286,14,,,0
20019,'1496043',2126,,1287,14,,,0
20019,'1496044',2206,,1288,14,,,0
20019,'1496045',1846,,1289,14,,,0
20019,'1496046',1926,,1290,14,,,0
20019,'1496047',2006,,1291,14,,,0
20019,'1496048',2046,,1292,14,,,0
20019,'1496049',2126,,1293,14,,,0
20019,'1496050',2206,,1294,14,,,0
