7019,'1489971',652,,113,15,0,7,0
7019,'1489972',732,,114,15,0,7,0
7019,'1489973',812,,115,15,0,7,0
7019,'1489974',852,,116,15,0,7,0
7019,'1489975',932,,117,15,0,7,0
7019,'1489976',1012,,118,15,0,7,0
7019,'1489977',1052,,917,15,0,7,0
7019,'1489978',1132,,918,15,0,7,0
7019,'1489979',1212,,919,15,0,7,0
7019,'1489980',1252,,920,15,0,7,0
7019,'1489981',1332,,921,15,0,7,0
7019,'1489982',1412,,922,15,0,7,0
7019,'1489983',1452,,119,15,0,7,0
7019,'1489984',1532,,120,15,0,7,0
7019,'1489985',1612,,121,15,0,7,0
7019,'1489986',1652,,122,15,0,7,0
7019,'1489987',1732,,123,15,0,7,0
7019,'1489988',1812,,124,15,0,7,0
7019,'1489989',1852,,923,15,0,7,0
7019,'1489990',1932,,924,15,0,7,0
7019,'1489991',2012,,925,15,0,7,0
7019,'1489992',2052,,926,15,0,7,0
7019,'1489993',2132,,927,15,0,7,0
7019,'1489994',2212,,928,15,0,7,0
7019,'1489995',812,,125,15,0,7,0
7019,'1489996',852,,126,15,0,7,0
7019,'1489997',932,,127,15,0,7,0
7019,'1489998',1012,,128,15,0,7,0
7019,'1489999',1052,,129,15,0,7,0
7019,'1490000',1132,,130,15,0,7,0
7019,'1490001',1212,,131,15,0,7,0
7019,'1490002',1252,,132,15,0,7,0
7019,'1490003',1332,,133,15,0,7,0
7019,'1490004',1412,,134,15,0,7,0
7019,'1490005',1452,,135,15,0,7,0
7019,'1490006',1532,,136,15,0,7,0
7019,'1490007',1612,,137,15,0,7,0
7019,'1490008',1652,,138,15,0,7,0
7019,'1490009',1732,,139,15,0,7,0
7019,'1490010',1812,,140,15,0,7,0
7019,'1490011',1852,,929,15,0,7,0
7019,'1490012',1932,,930,15,0,7,0
7019,'1490013',2012,,931,15,0,7,0
7019,'1490014',2052,,932,15,0,7,0
7019,'1490015',2132,,933,15,0,7,0
7019,'1490016',2212,,934,15,0,7,0
