15019,'1492887',1854,,1660,30,,,0
15019,'1492888',1954,,1661,30,,,0
15019,'1492889',2054,,1662,30,,,0
15019,'1492890',2154,,1663,30,,,0
15019,'1495961',654,,1664,30,,,0
15019,'1495962',754,,1665,30,,,0
15019,'1495963',854,,1666,30,,,0
15019,'1495964',954,,1667,30,,,0
15019,'1495965',1054,,1668,30,,,0
15019,'1495966',1154,,1669,30,,,0
15019,'1495967',1254,,1670,30,,,0
15019,'1495968',1354,,1671,30,,,0
15019,'1495969',1454,,1672,30,,,0
15019,'1495970',1554,,1673,30,,,0
15019,'1495971',1654,,1674,30,,,0
15019,'1495972',1754,,1675,30,,,0
15019,'1497631',654,,1676,30,,,0
15019,'1497632',754,,1677,30,,,0
15019,'1497633',854,,1678,30,,,0
15019,'1497634',954,,1679,30,,,0
15019,'1497635',1054,,1680,30,,,0
15019,'1497636',1154,,1681,30,,,0
15019,'1497637',1254,,1682,30,,,0
15019,'1497638',1354,,1683,30,,,0
15019,'1497639',1454,,1684,30,,,0
15019,'1497640',1554,,1685,30,,,0
15019,'1497641',1654,,1686,30,,,0
15019,'1497642',1754,,1687,30,,,0
15019,'1497643',1854,,1688,30,,,0
15019,'1497644',1954,,1689,30,,,0
15019,'1497645',2054,,1690,30,,,0
15019,'1497646',2154,,1691,30,,,0
15019,'1497647',854,,1692,30,,,0
15019,'1497648',954,,1693,30,,,0
15019,'1497649',1054,,1694,30,,,0
15019,'1497650',1154,,1695,30,,,0
15019,'1497651',1254,,1696,30,,,0
15019,'1497652',1354,,1697,30,,,0
15019,'1497653',1454,,1698,30,,,0
15019,'1497654',1554,,1699,30,,,0
15019,'1497655',1654,,1700,30,,,0
15019,'1497656',1754,,1701,30,,,0
15019,'1497657',1854,,1702,30,,,0
15019,'1497658',1954,,1703,30,,,0
15019,'1497659',2054,,1704,30,,,0
15019,'1497660',2154,,1705,30,,,0
