15019,'1492887',1851,,1660,26,,,0
15019,'1492888',1951,,1661,26,,,0
15019,'1492889',2051,,1662,26,,,0
15019,'1492890',2151,,1663,26,,,0
15019,'1495961',651,,1664,26,,,0
15019,'1495962',751,,1665,26,,,0
15019,'1495963',851,,1666,26,,,0
15019,'1495964',951,,1667,26,,,0
15019,'1495965',1051,,1668,26,,,0
15019,'1495966',1151,,1669,26,,,0
15019,'1495967',1251,,1670,26,,,0
15019,'1495968',1351,,1671,26,,,0
15019,'1495969',1451,,1672,26,,,0
15019,'1495970',1551,,1673,26,,,0
15019,'1495971',1651,,1674,26,,,0
15019,'1495972',1751,,1675,26,,,0
15019,'1497631',651,,1676,26,,,0
15019,'1497632',751,,1677,26,,,0
15019,'1497633',851,,1678,26,,,0
15019,'1497634',951,,1679,26,,,0
15019,'1497635',1051,,1680,26,,,0
15019,'1497636',1151,,1681,26,,,0
15019,'1497637',1251,,1682,26,,,0
15019,'1497638',1351,,1683,26,,,0
15019,'1497639',1451,,1684,26,,,0
15019,'1497640',1551,,1685,26,,,0
15019,'1497641',1651,,1686,26,,,0
15019,'1497642',1751,,1687,26,,,0
15019,'1497643',1851,,1688,26,,,0
15019,'1497644',1951,,1689,26,,,0
15019,'1497645',2051,,1690,26,,,0
15019,'1497646',2151,,1691,26,,,0
15019,'1497647',851,,1692,26,,,0
15019,'1497648',951,,1693,26,,,0
15019,'1497649',1051,,1694,26,,,0
15019,'1497650',1151,,1695,26,,,0
15019,'1497651',1251,,1696,26,,,0
15019,'1497652',1351,,1697,26,,,0
15019,'1497653',1451,,1698,26,,,0
15019,'1497654',1551,,1699,26,,,0
15019,'1497655',1651,,1700,26,,,0
15019,'1497656',1751,,1701,26,,,0
15019,'1497657',1851,,1702,26,,,0
15019,'1497658',1951,,1703,26,,,0
15019,'1497659',2051,,1704,26,,,0
15019,'1497660',2151,,1705,26,,,0
