19019,'1489098',636,,1214,6,,,0
19019,'1489099',716,,1215,6,,,0
19019,'1489100',756,,1216,6,,,0
19019,'1489101',836,,1217,6,,,0
19019,'1489102',916,,1218,6,,,0
19019,'1489103',956,,1219,6,,,0
19019,'1489104',1036,,1220,6,,,0
19019,'1489105',1116,,1221,6,,,0
19019,'1489106',1156,,1222,6,,,0
19019,'1489107',1236,,1223,6,,,0
19019,'1489108',1316,,1224,6,,,0
19019,'1489109',1356,,1225,6,,,0
19019,'1489110',1436,,1226,6,,,0
19019,'1489111',1516,,1227,6,,,0
19019,'1489112',1556,,1228,6,,,0
19019,'1489113',1636,,1229,6,,,0
19019,'1489114',1716,,1230,6,,,0
19019,'1489115',1756,,1231,6,,,0
19019,'1489116',656,,1232,6,,,0
19019,'1489117',736,,1233,6,,,0
19019,'1489118',816,,1234,6,,,0
19019,'1489119',856,,1235,6,,,0
19019,'1489120',936,,1236,6,,,0
19019,'1489121',1016,,1237,6,,,0
19019,'1489122',1056,,1238,6,,,0
19019,'1489123',1136,,1239,6,,,0
19019,'1489124',1216,,1240,6,,,0
19019,'1489125',1256,,1241,6,,,0
19019,'1489126',1336,,1242,6,,,0
19019,'1489127',1416,,1243,6,,,0
19019,'1489128',1456,,1244,6,,,0
19019,'1489129',1536,,1245,6,,,0
19019,'1489130',1616,,1246,6,,,0
19019,'1489131',1656,,1247,6,,,0
19019,'1489132',1736,,1248,6,,,0
901019,'1490032',836,,1584,38,0,16 17,0
901019,'1490033',956,,1585,38,0,16 17,0
901019,'1490034',1116,,1586,38,0,16 17,0
901019,'1490035',1236,,1587,38,0,16 17,0
901019,'1490036',1356,,1588,38,0,16 17,0
901019,'1490037',1516,,1589,38,0,16 17,0
901019,'1490038',1636,,1590,38,0,16 17,0
901019,'1490039',1756,,1591,38,0,16 17,0
901019,'1490040',1916,,1592,38,0,16 17,0
901019,'1490041',2036,,1593,38,0,16 17,0
901019,'1490042',2156,,1594,38,0,16 17,0
901019,'1497384',1916,,1607,38,0,16 17,0
901019,'1497385',2036,,1608,38,0,16 17,0
901019,'1497386',2156,,1609,38,0,16 17,0
902019,'1490054',1836,,1610,6,0,16 17,0
902019,'1490055',1956,,1611,6,0,16 17,0
902019,'1490056',2116,,1612,6,0,16 17,0
902019,'1490057',756,,1613,6,0,16 17,0
902019,'1490058',916,,1614,6,0,16 17,0
902019,'1490059',1036,,1615,6,0,16 17,0
902019,'1490060',1156,,1616,6,0,16 17,0
902019,'1490061',1316,,1617,6,0,16 17,0
902019,'1490062',1436,,1618,6,0,16 17,0
902019,'1490063',1556,,1619,6,0,16 17,0
902019,'1490064',1716,,1620,6,0,16 17,0
902019,'1490065',1836,,1621,6,0,16 17,0
902019,'1490066',1956,,1622,6,0,16 17,0
902019,'1490067',2116,,1623,6,0,16 17,0
