12019,'1488124',715,,1637,8,0,12 13,0
12019,'1488125',815,,1638,8,0,12 13,0
12019,'1488126',915,,1639,8,0,12 13,0
12019,'1488127',1015,,1640,8,0,12 13,0
12019,'1488128',1115,,1641,8,0,12 13,0
12019,'1488129',1215,,1642,8,0,12 13,0
12019,'1488130',1315,,1643,8,0,12 13,0
12019,'1488131',1415,,1644,8,0,12 13,0
12019,'1488132',1515,,1645,8,0,12 13,0
12019,'1488133',1615,,1646,8,0,12 13,0
12019,'1488134',1715,,1647,8,0,12 13,0
12019,'1488135',1815,,1648,8,0,12 13,0
12019,'1488136',815,,1649,8,0,12 13,0
12019,'1488137',915,,1650,8,0,12 13,0
12019,'1488138',1015,,1651,8,0,12 13,0
12019,'1488139',1115,,1652,8,0,12 13,0
12019,'1488140',1215,,1653,8,0,12 13,0
12019,'1488141',1315,,1654,8,0,12 13,0
12019,'1488142',1415,,1655,8,0,12 13,0
12019,'1488143',1515,,1656,8,0,12 13,0
12019,'1488144',1615,,1657,8,0,12 13,0
12019,'1488145',1715,,1658,8,0,12 13,0
12019,'1488146',1815,,1659,8,0,12 13,0
