12019,'1488124',731,,1637,25,0,12 13,0
12019,'1488125',831,,1638,25,0,12 13,0
12019,'1488126',931,,1639,25,0,12 13,0
12019,'1488127',1031,,1640,25,0,12 13,0
12019,'1488128',1131,,1641,25,0,12 13,0
12019,'1488129',1231,,1642,25,0,12 13,0
12019,'1488130',1331,,1643,25,0,12 13,0
12019,'1488131',1431,,1644,25,0,12 13,0
12019,'1488132',1531,,1645,25,0,12 13,0
12019,'1488133',1631,,1646,25,0,12 13,0
12019,'1488134',1731,,1647,25,0,12 13,0
12019,'1488135',1831,,1648,25,0,12 13,0
12019,'1488136',831,,1649,25,0,12 13,0
12019,'1488137',931,,1650,25,0,12 13,0
12019,'1488138',1031,,1651,25,0,12 13,0
12019,'1488139',1131,,1652,25,0,12 13,0
12019,'1488140',1231,,1653,25,0,12 13,0
12019,'1488141',1331,,1654,25,0,12 13,0
12019,'1488142',1431,,1655,25,0,12 13,0
12019,'1488143',1531,,1656,25,0,12 13,0
12019,'1488144',1631,,1657,25,0,12 13,0
12019,'1488145',1731,,1658,25,0,12 13,0
12019,'1488146',1831,,1659,25,0,12 13,0
