16019,'1497350',742,,1563,5,0,9 10,0
16019,'1497351',842,,1564,5,0,9 10,0
16019,'1497352',942,,1565,5,0,9 10,0
16019,'1497353',1042,,1566,5,0,9 10,0
16019,'1497354',1142,,1567,5,0,9 10,0
16019,'1497355',1242,,1568,5,0,9 10,0
16019,'1497356',1342,,1569,5,0,9 10,0
16019,'1497357',1442,,1570,5,0,9 10,0
16019,'1497358',1542,,1571,5,0,9 10,0
16019,'1497359',1642,,1572,5,0,9 10,0
16019,'1497360',1742,,1573,5,0,9 10,0
16019,'1497361',842,,1574,5,0,9 10,0
16019,'1497362',942,,1575,5,0,9 10,0
16019,'1497363',1042,,1576,5,0,9 10,0
16019,'1497364',1142,,1577,5,0,9 10,0
16019,'1497365',1242,,1578,5,0,9 10,0
16019,'1497366',1342,,1579,5,0,9 10,0
16019,'1497367',1442,,1580,5,0,9 10,0
16019,'1497368',1542,,1581,5,0,9 10,0
16019,'1497369',1642,,1582,5,0,9 10,0
16019,'1497370',1742,,1583,5,0,9 10,0
