14019,'1492813',642,,577,16,,,0
14019,'1492814',722,,578,16,,,0
14019,'1492815',802,,579,16,,,0
14019,'1492816',842,,580,16,,,0
14019,'1492817',922,,581,16,,,0
14019,'1492818',1002,,582,16,,,0
14019,'1492819',1042,,583,16,,,0
14019,'1492820',1122,,584,16,,,0
14019,'1492821',1202,,585,16,,,0
14019,'1492822',1242,,586,16,,,0
14019,'1492823',1322,,587,16,,,0
14019,'1492824',1402,,588,16,,,0
14019,'1492825',1442,,589,16,,,0
14019,'1492826',1522,,590,16,,,0
14019,'1492827',1602,,591,16,,,0
14019,'1492828',1642,,592,16,,,0
14019,'1492829',1722,,593,16,,,0
14019,'1492830',1802,,594,16,,,0
14019,'1492831',1842,,595,16,,,0
14019,'1492832',1922,,596,16,,,0
14019,'1492833',2002,,597,16,,,0
14019,'1492834',2042,,598,16,,,0
14019,'1492835',2122,,599,16,,,0
14019,'1492836',2202,,600,16,,,0
14019,'1494878',642,,793,16,,,0
14019,'1494879',722,,794,16,,,0
14019,'1494880',802,,795,16,,,0
14019,'1494881',842,,796,16,,,0
14019,'1494882',922,,797,16,,,0
14019,'1494883',1002,,798,16,,,0
14019,'1494884',1042,,799,16,,,0
14019,'1494885',1122,,800,16,,,0
14019,'1494886',1202,,801,16,,,0
14019,'1494887',1242,,802,16,,,0
14019,'1494888',1322,,803,16,,,0
14019,'1494889',1402,,804,16,,,0
14019,'1494890',1442,,805,16,,,0
14019,'1494891',1522,,806,16,,,0
14019,'1494892',1602,,807,16,,,0
14019,'1494893',1642,,808,16,,,0
14019,'1494894',1722,,809,16,,,0
14019,'1494895',1802,,810,16,,,0
14019,'1494896',1842,,811,16,,,0
14019,'1494897',1922,,812,16,,,0
14019,'1494898',2002,,813,16,,,0
14019,'1494899',2042,,814,16,,,0
14019,'1494900',2122,,815,16,,,0
14019,'1494901',2202,,816,16,,,0
14019,'1494902',802,,817,16,,,0
14019,'1494903',842,,818,16,,,0
14019,'1494904',922,,819,16,,,0
14019,'1494905',1002,,820,16,,,0
14019,'1494906',1042,,821,16,,,0
14019,'1494907',1122,,822,16,,,0
14019,'1494908',1202,,823,16,,,0
14019,'1494909',1242,,824,16,,,0
14019,'1494910',1322,,825,16,,,0
14019,'1494911',1402,,826,16,,,0
14019,'1494912',1442,,827,16,,,0
14019,'1494913',1522,,828,16,,,0
14019,'1494914',1602,,829,16,,,0
14019,'1494915',1642,,830,16,,,0
14019,'1494916',1722,,831,16,,,0
14019,'1494917',1802,,832,16,,,0
14019,'1494918',1842,,833,16,,,0
14019,'1494919',1922,,834,16,,,0
14019,'1494920',2002,,835,16,,,0
14019,'1494921',2042,,836,16,,,0
14019,'1494922',2122,,837,16,,,0
14019,'1494923',2202,,838,16,,,0
