7019,'1489971',647,,113,12,0,7,0
7019,'1489972',727,,114,12,0,7,0
7019,'1489973',807,,115,12,0,7,0
7019,'1489974',847,,116,12,0,7,0
7019,'1489975',927,,117,12,0,7,0
7019,'1489976',1007,,118,12,0,7,0
7019,'1489977',1047,,917,12,0,7,0
7019,'1489978',1127,,918,12,0,7,0
7019,'1489979',1207,,919,12,0,7,0
7019,'1489980',1247,,920,12,0,7,0
7019,'1489981',1327,,921,12,0,7,0
7019,'1489982',1407,,922,12,0,7,0
7019,'1489983',1447,,119,12,0,7,0
7019,'1489984',1527,,120,12,0,7,0
7019,'1489985',1607,,121,12,0,7,0
7019,'1489986',1647,,122,12,0,7,0
7019,'1489987',1727,,123,12,0,7,0
7019,'1489988',1807,,124,12,0,7,0
7019,'1489989',1847,,923,12,0,7,0
7019,'1489990',1927,,924,12,0,7,0
7019,'1489991',2007,,925,12,0,7,0
7019,'1489992',2047,,926,12,0,7,0
7019,'1489993',2127,,927,12,0,7,0
7019,'1489994',2207,,928,12,0,7,0
7019,'1489995',807,,125,12,0,7,0
7019,'1489996',847,,126,12,0,7,0
7019,'1489997',927,,127,12,0,7,0
7019,'1489998',1007,,128,12,0,7,0
7019,'1489999',1047,,129,12,0,7,0
7019,'1490000',1127,,130,12,0,7,0
7019,'1490001',1207,,131,12,0,7,0
7019,'1490002',1247,,132,12,0,7,0
7019,'1490003',1327,,133,12,0,7,0
7019,'1490004',1407,,134,12,0,7,0
7019,'1490005',1447,,135,12,0,7,0
7019,'1490006',1527,,136,12,0,7,0
7019,'1490007',1607,,137,12,0,7,0
7019,'1490008',1647,,138,12,0,7,0
7019,'1490009',1727,,139,12,0,7,0
7019,'1490010',1807,,140,12,0,7,0
7019,'1490011',1847,,929,12,0,7,0
7019,'1490012',1927,,930,12,0,7,0
7019,'1490013',2007,,931,12,0,7,0
7019,'1490014',2047,,932,12,0,7,0
7019,'1490015',2127,,933,12,0,7,0
7019,'1490016',2207,,934,12,0,7,0
