12019,'1490514',711,,1540,3,0,12 13,0
12019,'1490515',811,,1541,3,0,12 13,0
12019,'1490516',911,,1542,3,0,12 13,0
12019,'1490517',1011,,1543,3,0,12 13,0
12019,'1490518',1111,,1544,3,0,12 13,0
12019,'1490519',1211,,1545,3,0,12 13,0
12019,'1490520',1311,,1546,3,0,12 13,0
12019,'1490521',1411,,1547,3,0,12 13,0
12019,'1490522',1511,,1548,3,0,12 13,0
12019,'1490523',1611,,1549,3,0,12 13,0
12019,'1490524',1711,,1550,3,0,12 13,0
12019,'1490525',1811,,1551,3,0,12 13,0
12019,'1490526',811,,1552,3,0,12 13,0
12019,'1490527',911,,1553,3,0,12 13,0
12019,'1490528',1011,,1554,3,0,12 13,0
12019,'1490529',1111,,1555,3,0,12 13,0
12019,'1490530',1211,,1556,3,0,12 13,0
12019,'1490531',1311,,1557,3,0,12 13,0
12019,'1490532',1411,,1558,3,0,12 13,0
12019,'1490533',1511,,1559,3,0,12 13,0
12019,'1490534',1611,,1560,3,0,12 13,0
12019,'1490535',1711,,1561,3,0,12 13,0
12019,'1490536',1811,,1562,3,0,12 13,0
93019,'1496012',722,,1295,12,0,5,0
93019,'1496013',822,,1296,12,0,5,0
93019,'1496014',922,,1297,12,0,5,0
93019,'1496015',1022,,1298,12,0,5,0
93019,'1496016',1122,,1299,12,0,5,0
93019,'1496017',1222,,1300,12,0,5,0
93019,'1496018',1322,,1301,12,0,5,0
93019,'1496019',1422,,1302,12,0,5,0
93019,'1496020',1522,,1303,12,0,5,0
93019,'1496021',1622,,1304,12,0,5,0
93019,'1496022',1722,,1305,12,0,5,0
901019,'1490032',802,,1584,12,,,0
901019,'1490033',922,,1585,12,,,0
901019,'1490034',1042,,1586,12,,,0
901019,'1490035',1202,,1587,12,,,0
901019,'1490036',1322,,1588,12,,,0
901019,'1490037',1442,,1589,12,,,0
901019,'1490038',1602,,1590,12,,,0
901019,'1490039',1722,,1591,12,,,0
901019,'1490040',1842,,1592,12,,,0
901019,'1490041',2002,,1593,12,,,0
901019,'1490042',2122,,1594,12,,,0
901019,'1497372',642,,1595,12,,,0
901019,'1497373',742,,1596,12,,,0
901019,'1497374',842,,1597,12,,,0
901019,'1497375',942,,1598,12,,,0
901019,'1497376',1042,,1599,12,,,0
901019,'1497377',1142,,1600,12,,,0
901019,'1497378',1242,,1601,12,,,0
901019,'1497379',1342,,1602,12,,,0
901019,'1497380',1442,,1603,12,,,0
901019,'1497381',1542,,1604,12,,,0
901019,'1497382',1642,,1605,12,,,0
901019,'1497383',1742,,1606,12,,,0
901019,'1497384',1842,,1607,12,,,0
901019,'1497385',2002,,1608,12,,,0
901019,'1497386',2122,,1609,12,,,0
902019,'1490054',1922,,1610,38,,,0
902019,'1490055',2042,,1611,38,,,0
902019,'1490056',2202,,1612,38,,,0
902019,'1490057',842,,1613,38,,,0
902019,'1490058',1002,,1614,38,,,0
902019,'1490059',1122,,1615,38,,,0
902019,'1490060',1242,,1616,38,,,0
902019,'1490061',1402,,1617,38,,,0
902019,'1490062',1522,,1618,38,,,0
902019,'1490063',1642,,1619,38,,,0
902019,'1490064',1802,,1620,38,,,0
902019,'1490065',1922,,1621,38,,,0
902019,'1490066',2042,,1622,38,,,0
902019,'1490067',2202,,1623,38,,,0
902019,'1490068',1802,,1624,12,,,0
902019,'1497387',702,,1625,12,,,0
902019,'1497388',802,,1626,12,,,0
902019,'1497389',902,,1627,12,,,0
902019,'1497390',1002,,1628,12,,,0
902019,'1497391',1102,,1629,12,,,0
902019,'1497392',1202,,1630,12,,,0
902019,'1497393',1302,,1631,12,,,0
902019,'1497394',1402,,1632,12,,,0
902019,'1497395',1502,,1633,12,,,0
902019,'1497396',1602,,1634,12,,,0
902019,'1497397',1702,,1635,12,,,0
