1019,'1483501',744,,25,2,0,18,0
2019,'1483532',744,,885,2,,,0
2019,'1492775',640,,1425,14,,,0
2019,'1492776',720,,1426,14,,,0
2019,'1492777',800,,1427,14,,,0
2019,'1492778',840,,1428,14,,,0
2019,'1492779',920,,1429,14,,,0
2019,'1492780',1000,,1430,14,,,0
2019,'1492781',1040,,1431,14,,,0
2019,'1492782',1120,,1432,14,,,0
2019,'1492783',1200,,1433,14,,,0
2019,'1492784',1240,,1434,14,,,0
2019,'1492785',1320,,1435,14,,,0
2019,'1492786',1400,,1436,14,,,0
2019,'1492787',1440,,1437,14,,,0
2019,'1492788',1520,,1438,14,,,0
2019,'1492789',1600,,1439,14,,,0
2019,'1492790',1640,,1440,14,,,0
2019,'1492791',1720,,1441,14,,,0
2019,'1492792',1800,,1442,14,,,0
2019,'1495973',820,,1443,31,,,0
2019,'1495974',900,,1444,31,,,0
2019,'1495975',940,,1445,31,,,0
2019,'1495976',1020,,1446,31,,,0
2019,'1495977',1100,,1447,31,,,0
2019,'1495978',1140,,1448,31,,,0
2019,'1495979',1220,,1449,31,,,0
2019,'1495980',1300,,1450,31,,,0
2019,'1495981',1340,,1451,31,,,0
2019,'1495982',1420,,1452,31,,,0
2019,'1495983',1500,,1453,31,,,0
2019,'1495984',1540,,1454,31,,,0
2019,'1495985',1620,,1455,31,,,0
2019,'1495986',1700,,1456,31,,,0
2019,'1495987',1740,,1457,31,,,0
2019,'1495988',1820,,1458,31,,,0
