7019,'1482898',632,,111,7,0,8,0
7019,'1482899',752,,112,7,0,8,0
12019,'1482623',702,,170,7,0,8,0
12019,'1482624',802,,171,7,0,8,0
16019,'1497350',801,,1563,18,0,9 10,0
16019,'1497351',901,,1564,18,0,9 10,0
16019,'1497352',1001,,1565,18,0,9 10,0
16019,'1497353',1101,,1566,18,0,9 10,0
16019,'1497354',1201,,1567,18,0,9 10,0
16019,'1497355',1301,,1568,18,0,9 10,0
16019,'1497356',1401,,1569,18,0,9 10,0
16019,'1497357',1501,,1570,18,0,9 10,0
16019,'1497358',1601,,1571,18,0,9 10,0
16019,'1497359',1701,,1572,18,0,9 10,0
16019,'1497360',1801,,1573,18,0,9 10,0
16019,'1497361',901,,1574,18,0,9 10,0
16019,'1497362',1001,,1575,18,0,9 10,0
16019,'1497363',1101,,1576,18,0,9 10,0
16019,'1497364',1201,,1577,18,0,9 10,0
16019,'1497365',1301,,1578,18,0,9 10,0
16019,'1497366',1401,,1579,18,0,9 10,0
16019,'1497367',1501,,1580,18,0,9 10,0
16019,'1497368',1601,,1581,18,0,9 10,0
16019,'1497369',1701,,1582,18,0,9 10,0
16019,'1497370',1801,,1583,18,0,9 10,0
