93019,'1497427',715,,1706,7,0,5,0
93019,'1497428',815,,1707,7,0,5,0
93019,'1497429',915,,1708,7,0,5,0
93019,'1497430',1015,,1709,7,0,5,0
93019,'1497431',1115,,1710,7,0,5,0
93019,'1497432',1215,,1711,7,0,5,0
93019,'1497433',1315,,1712,7,0,5,0
93019,'1497434',1415,,1713,7,0,5,0
93019,'1497435',1515,,1714,7,0,5,0
93019,'1497436',1615,,1715,7,0,5,0
93019,'1497437',1715,,1716,7,0,5,0
901019,'1490032',755,,1584,7,,,0
901019,'1490033',915,,1585,7,,,0
901019,'1490034',1035,,1586,7,,,0
901019,'1490035',1155,,1587,7,,,0
901019,'1490036',1315,,1588,7,,,0
901019,'1490037',1435,,1589,7,,,0
901019,'1490038',1555,,1590,7,,,0
901019,'1490039',1715,,1591,7,,,0
901019,'1490040',1835,,1592,7,,,0
901019,'1490041',1955,,1593,7,,,0
901019,'1490042',2115,,1594,7,,,0
901019,'1497372',635,,1595,7,,,0
901019,'1497373',735,,1596,7,,,0
901019,'1497374',835,,1597,7,,,0
901019,'1497375',935,,1598,7,,,0
901019,'1497376',1035,,1599,7,,,0
901019,'1497377',1135,,1600,7,,,0
901019,'1497378',1235,,1601,7,,,0
901019,'1497379',1335,,1602,7,,,0
901019,'1497380',1435,,1603,7,,,0
901019,'1497381',1535,,1604,7,,,0
901019,'1497382',1635,,1605,7,,,0
901019,'1497383',1735,,1606,7,,,0
901019,'1497384',1835,,1607,7,,,0
901019,'1497385',1955,,1608,7,,,0
901019,'1497386',2115,,1609,7,,,0
902019,'1490054',1915,,1610,33,,,0
902019,'1490055',2035,,1611,33,,,0
902019,'1490056',2155,,1612,33,,,0
902019,'1490057',835,,1613,33,,,0
902019,'1490058',955,,1614,33,,,0
902019,'1490059',1115,,1615,33,,,0
902019,'1490060',1235,,1616,33,,,0
902019,'1490061',1355,,1617,33,,,0
902019,'1490062',1515,,1618,33,,,0
902019,'1490063',1635,,1619,33,,,0
902019,'1490064',1755,,1620,33,,,0
902019,'1490065',1915,,1621,33,,,0
902019,'1490066',2035,,1622,33,,,0
902019,'1490067',2155,,1623,33,,,0
902019,'1490068',1755,,1624,7,,,0
902019,'1497387',655,,1625,7,,,0
902019,'1497388',755,,1626,7,,,0
902019,'1497389',855,,1627,7,,,0
902019,'1497390',955,,1628,7,,,0
902019,'1497391',1055,,1629,7,,,0
902019,'1497392',1155,,1630,7,,,0
902019,'1497393',1255,,1631,7,,,0
902019,'1497394',1355,,1632,7,,,0
902019,'1497395',1455,,1633,7,,,0
902019,'1497396',1555,,1634,7,,,0
902019,'1497397',1655,,1635,7,,,0
