7019,'1489971',716,,113,40,0,7,0
7019,'1489972',756,,114,40,0,7,0
7019,'1489973',836,,115,40,0,7,0
7019,'1489974',916,,116,40,0,7,0
7019,'1489975',956,,117,40,0,7,0
7019,'1489976',1036,,118,40,0,7,0
7019,'1489977',1116,,917,40,0,7,0
7019,'1489978',1156,,918,40,0,7,0
7019,'1489979',1236,,919,40,0,7,0
7019,'1489980',1316,,920,40,0,7,0
7019,'1489981',1356,,921,40,0,7,0
7019,'1489982',1436,,922,40,0,7,0
7019,'1489983',1516,,119,40,0,7,0
7019,'1489984',1556,,120,40,0,7,0
7019,'1489985',1636,,121,40,0,7,0
7019,'1489986',1716,,122,40,0,7,0
7019,'1489987',1756,,123,40,0,7,0
7019,'1489988',1836,,124,40,0,7,0
7019,'1489989',1916,,923,40,0,7,0
7019,'1489990',1956,,924,40,0,7,0
7019,'1489991',2036,,925,40,0,7,0
7019,'1489992',2116,,926,40,0,7,0
7019,'1489993',2156,,927,40,0,7,0
7019,'1489994',2236,,928,40,0,7,0
7019,'1489995',836,,125,40,0,7,0
7019,'1489996',916,,126,40,0,7,0
7019,'1489997',956,,127,40,0,7,0
7019,'1489998',1036,,128,40,0,7,0
7019,'1489999',1116,,129,40,0,7,0
7019,'1490000',1156,,130,40,0,7,0
7019,'1490001',1236,,131,40,0,7,0
7019,'1490002',1316,,132,40,0,7,0
7019,'1490003',1356,,133,40,0,7,0
7019,'1490004',1436,,134,40,0,7,0
7019,'1490005',1516,,135,40,0,7,0
7019,'1490006',1556,,136,40,0,7,0
7019,'1490007',1636,,137,40,0,7,0
7019,'1490008',1716,,138,40,0,7,0
7019,'1490009',1756,,139,40,0,7,0
7019,'1490010',1836,,140,40,0,7,0
7019,'1490011',1916,,929,40,0,7,0
7019,'1490012',1956,,930,40,0,7,0
7019,'1490013',2036,,931,40,0,7,0
7019,'1490014',2116,,932,40,0,7,0
7019,'1490015',2156,,933,40,0,7,0
7019,'1490016',2236,,934,40,0,7,0
12019,'1488124',737,,1637,32,0,12 13,0
12019,'1488125',837,,1638,32,0,12 13,0
12019,'1488126',937,,1639,32,0,12 13,0
12019,'1488127',1037,,1640,32,0,12 13,0
12019,'1488128',1137,,1641,32,0,12 13,0
12019,'1488129',1237,,1642,32,0,12 13,0
12019,'1488130',1337,,1643,32,0,12 13,0
12019,'1488131',1437,,1644,32,0,12 13,0
12019,'1488132',1537,,1645,32,0,12 13,0
12019,'1488133',1637,,1646,32,0,12 13,0
12019,'1488134',1737,,1647,32,0,12 13,0
12019,'1488135',1837,,1648,32,0,12 13,0
12019,'1488136',837,,1649,32,0,12 13,0
12019,'1488137',937,,1650,32,0,12 13,0
12019,'1488138',1037,,1651,32,0,12 13,0
12019,'1488139',1137,,1652,32,0,12 13,0
12019,'1488140',1237,,1653,32,0,12 13,0
12019,'1488141',1337,,1654,32,0,12 13,0
12019,'1488142',1437,,1655,32,0,12 13,0
12019,'1488143',1537,,1656,32,0,12 13,0
12019,'1488144',1637,,1657,32,0,12 13,0
12019,'1488145',1737,,1658,32,0,12 13,0
12019,'1488146',1837,,1659,32,0,12 13,0
