2019,'1492775',646,,1425,22,,,0
2019,'1492776',726,,1426,22,,,0
2019,'1492777',806,,1427,22,,,0
2019,'1492778',846,,1428,22,,,0
2019,'1492779',926,,1429,22,,,0
2019,'1492780',1006,,1430,22,,,0
2019,'1492781',1046,,1431,22,,,0
2019,'1492782',1126,,1432,22,,,0
2019,'1492783',1206,,1433,22,,,0
2019,'1492784',1246,,1434,22,,,0
2019,'1492785',1326,,1435,22,,,0
2019,'1492786',1406,,1436,22,,,0
2019,'1492787',1446,,1437,22,,,0
2019,'1492788',1526,,1438,22,,,0
2019,'1492789',1606,,1439,22,,,0
2019,'1492790',1646,,1440,22,,,0
2019,'1492791',1726,,1441,22,,,0
2019,'1492792',1806,,1442,22,,,0
2019,'1495973',826,,1443,39,,,0
2019,'1495974',906,,1444,39,,,0
2019,'1495975',946,,1445,39,,,0
2019,'1495976',1026,,1446,39,,,0
2019,'1495977',1106,,1447,39,,,0
2019,'1495978',1146,,1448,39,,,0
2019,'1495979',1226,,1449,39,,,0
2019,'1495980',1306,,1450,39,,,0
2019,'1495981',1346,,1451,39,,,0
2019,'1495982',1426,,1452,39,,,0
2019,'1495983',1506,,1453,39,,,0
2019,'1495984',1546,,1454,39,,,0
2019,'1495985',1626,,1455,39,,,0
2019,'1495986',1706,,1456,39,,,0
2019,'1495987',1746,,1457,39,,,0
2019,'1495988',1826,,1458,39,,,0
4019,'1480746',627,,63,6,,,0
4019,'1480747',747,,64,6,,,0
15019,'1480582',627,,255,8,0,6,0
15019,'1480583',827,,256,8,0,6,0
902019,'1488258',647,,501,5,0,6,0
902019,'1488259',747,,502,5,0,6,0
