14019,'1492813',702,,577,26,,,0
14019,'1492814',742,,578,26,,,0
14019,'1492815',822,,579,26,,,0
14019,'1492816',902,,580,26,,,0
14019,'1492817',942,,581,26,,,0
14019,'1492818',1022,,582,26,,,0
14019,'1492819',1102,,583,26,,,0
14019,'1492820',1142,,584,26,,,0
14019,'1492821',1222,,585,26,,,0
14019,'1492822',1302,,586,26,,,0
14019,'1492823',1342,,587,26,,,0
14019,'1492824',1422,,588,26,,,0
14019,'1492825',1502,,589,26,,,0
14019,'1492826',1542,,590,26,,,0
14019,'1492827',1622,,591,26,,,0
14019,'1492828',1702,,592,26,,,0
14019,'1492829',1742,,593,26,,,0
14019,'1492830',1822,,594,26,,,0
14019,'1492831',1902,,595,26,,,0
14019,'1492832',1942,,596,26,,,0
14019,'1492833',2022,,597,26,,,0
14019,'1492834',2102,,598,26,,,0
14019,'1492835',2142,,599,26,,,0
14019,'1492836',2222,,600,26,,,0
14019,'1492837',822,,601,26,,,0
14019,'1492838',902,,602,26,,,0
14019,'1492839',942,,603,26,,,0
14019,'1492840',1022,,604,26,,,0
14019,'1492841',1102,,605,26,,,0
14019,'1492842',1142,,606,26,,,0
14019,'1492843',1222,,607,26,,,0
14019,'1492844',1302,,608,26,,,0
14019,'1492845',1342,,609,26,,,0
14019,'1492846',1422,,610,26,,,0
14019,'1492847',1502,,611,26,,,0
14019,'1492848',1542,,612,26,,,0
14019,'1492849',1622,,613,26,,,0
14019,'1492850',1702,,614,26,,,0
14019,'1492851',1742,,615,26,,,0
14019,'1492852',1822,,616,26,,,0
14019,'1492853',1902,,617,26,,,0
14019,'1492854',1942,,618,26,,,0
14019,'1492855',2022,,619,26,,,0
14019,'1492856',2102,,620,26,,,0
14019,'1492857',2142,,621,26,,,0
14019,'1492858',2222,,622,26,,,0
