2019,'1480619',627,,44,9,,,0
2019,'1486350',706,,1505,38,,,0
2019,'1486351',746,,1506,38,,,0
2019,'1486352',826,,1507,38,,,0
2019,'1486353',906,,1508,38,,,0
2019,'1486354',946,,1509,38,,,0
2019,'1486355',1026,,1510,38,,,0
2019,'1486356',1106,,1511,38,,,0
2019,'1486357',1146,,1512,38,,,0
2019,'1486358',1226,,1513,38,,,0
2019,'1486359',1306,,1514,38,,,0
2019,'1486360',1346,,1515,38,,,0
2019,'1486361',1426,,1516,38,,,0
2019,'1486362',1506,,1517,38,,,0
2019,'1486363',1546,,1518,38,,,0
2019,'1486364',1626,,1519,38,,,0
2019,'1486365',1706,,1520,38,,,0
2019,'1486366',1746,,1521,38,,,0
2019,'1486367',807,,1522,16,,,0
2019,'1486368',847,,1523,16,,,0
2019,'1486369',927,,1524,16,,,0
2019,'1486370',1007,,1525,16,,,0
2019,'1486371',1047,,1526,16,,,0
2019,'1486372',1127,,1527,16,,,0
2019,'1486373',1207,,1528,16,,,0
2019,'1486374',1247,,1529,16,,,0
2019,'1486375',1327,,1530,16,,,0
2019,'1486376',1407,,1531,16,,,0
2019,'1486377',1447,,1532,16,,,0
2019,'1486378',1527,,1533,16,,,0
2019,'1486379',1607,,1534,16,,,0
2019,'1486380',1647,,1535,16,,,0
2019,'1486381',1727,,1536,16,,,0
2019,'1486382',1807,,1537,16,,,0
2019,'1486958',1826,,1538,38,,,0
30000019,'1496023',910,,1329,27,,,0
30000019,'1496024',1010,,1330,27,,,0
30000019,'1496025',1110,,1331,27,,,0
30000019,'1496026',1210,,1332,27,,,0
30000019,'1496027',1310,,1333,27,,,0
30000019,'1496028',1410,,1334,27,,,0
30000019,'1496029',1510,,1335,27,,,0
30000019,'1496030',1610,,1336,27,,,0
30000019,'1496031',1710,,1337,27,,,0
