93019,'1497427',742,,1706,30,,,0
93019,'1497428',842,,1707,30,,,0
93019,'1497429',942,,1708,30,,,0
93019,'1497430',1042,,1709,30,,,0
93019,'1497431',1142,,1710,30,,,0
93019,'1497432',1242,,1711,30,,,0
93019,'1497433',1342,,1712,30,,,0
93019,'1497434',1442,,1713,30,,,0
93019,'1497435',1542,,1714,30,,,0
93019,'1497436',1642,,1715,30,,,0
93019,'1497437',1742,,1716,30,,,0
901019,'1490032',822,,1584,30,0,6,0
901019,'1490033',942,,1585,30,0,6,0
901019,'1490034',1102,,1586,30,0,6,0
901019,'1490035',1222,,1587,30,0,6,0
901019,'1490036',1342,,1588,30,0,6,0
901019,'1490037',1502,,1589,30,0,6,0
901019,'1490038',1622,,1590,30,0,6,0
901019,'1490039',1742,,1591,30,0,6,0
901019,'1490040',1902,,1592,30,0,6,0
901019,'1490041',2022,,1593,30,0,6,0
901019,'1490042',2142,,1594,30,0,6,0
901019,'1497372',702,,1595,30,0,6,0
901019,'1497373',802,,1596,30,0,6,0
901019,'1497374',902,,1597,30,0,6,0
901019,'1497375',1002,,1598,30,0,6,0
901019,'1497376',1102,,1599,30,0,6,0
901019,'1497377',1202,,1600,30,0,6,0
901019,'1497378',1302,,1601,30,0,6,0
901019,'1497379',1402,,1602,30,0,6,0
901019,'1497380',1502,,1603,30,0,6,0
901019,'1497381',1602,,1604,30,0,6,0
901019,'1497382',1702,,1605,30,0,6,0
901019,'1497383',1802,,1606,30,0,6,0
901019,'1497384',1902,,1607,30,0,6,0
901019,'1497385',2022,,1608,30,0,6,0
901019,'1497386',2142,,1609,30,0,6,0
902019,'1490054',1942,,1610,56,0,6,0
902019,'1490055',2102,,1611,56,0,6,0
902019,'1490056',2222,,1612,56,0,6,0
902019,'1490057',902,,1613,56,0,6,0
902019,'1490058',1022,,1614,56,0,6,0
902019,'1490059',1142,,1615,56,0,6,0
902019,'1490060',1302,,1616,56,0,6,0
902019,'1490061',1422,,1617,56,0,6,0
902019,'1490062',1542,,1618,56,0,6,0
902019,'1490063',1702,,1619,56,0,6,0
902019,'1490064',1822,,1620,56,0,6,0
902019,'1490065',1942,,1621,56,0,6,0
902019,'1490066',2102,,1622,56,0,6,0
902019,'1490067',2222,,1623,56,0,6,0
902019,'1490068',1822,,1624,30,0,6,0
902019,'1497387',722,,1625,30,0,6,0
902019,'1497388',822,,1626,30,0,6,0
902019,'1497389',922,,1627,30,0,6,0
902019,'1497390',1022,,1628,30,0,6,0
902019,'1497391',1122,,1629,30,0,6,0
902019,'1497392',1222,,1630,30,0,6,0
902019,'1497393',1322,,1631,30,0,6,0
902019,'1497394',1422,,1632,30,0,6,0
902019,'1497395',1522,,1633,30,0,6,0
902019,'1497396',1622,,1634,30,0,6,0
902019,'1497397',1722,,1635,30,0,6,0
