93019,'1497427',724,,1706,15,0,5,0
93019,'1497428',824,,1707,15,0,5,0
93019,'1497429',924,,1708,15,0,5,0
93019,'1497430',1024,,1709,15,0,5,0
93019,'1497431',1124,,1710,15,0,5,0
93019,'1497432',1224,,1711,15,0,5,0
93019,'1497433',1324,,1712,15,0,5,0
93019,'1497434',1424,,1713,15,0,5,0
93019,'1497435',1524,,1714,15,0,5,0
93019,'1497436',1624,,1715,15,0,5,0
93019,'1497437',1724,,1716,15,0,5,0
901019,'1490032',804,,1584,15,,,0
901019,'1490033',924,,1585,15,,,0
901019,'1490034',1044,,1586,15,,,0
901019,'1490035',1204,,1587,15,,,0
901019,'1490036',1324,,1588,15,,,0
901019,'1490037',1444,,1589,15,,,0
901019,'1490038',1604,,1590,15,,,0
901019,'1490039',1724,,1591,15,,,0
901019,'1490040',1844,,1592,15,,,0
901019,'1490041',2004,,1593,15,,,0
901019,'1490042',2124,,1594,15,,,0
901019,'1497372',644,,1595,15,,,0
901019,'1497373',744,,1596,15,,,0
901019,'1497374',844,,1597,15,,,0
901019,'1497375',944,,1598,15,,,0
901019,'1497376',1044,,1599,15,,,0
901019,'1497377',1144,,1600,15,,,0
901019,'1497378',1244,,1601,15,,,0
901019,'1497379',1344,,1602,15,,,0
901019,'1497380',1444,,1603,15,,,0
901019,'1497381',1544,,1604,15,,,0
901019,'1497382',1644,,1605,15,,,0
901019,'1497383',1744,,1606,15,,,0
901019,'1497384',1844,,1607,15,,,0
901019,'1497385',2004,,1608,15,,,0
901019,'1497386',2124,,1609,15,,,0
902019,'1490054',1924,,1610,41,,,0
902019,'1490055',2044,,1611,41,,,0
902019,'1490056',2204,,1612,41,,,0
902019,'1490057',844,,1613,41,,,0
902019,'1490058',1004,,1614,41,,,0
902019,'1490059',1124,,1615,41,,,0
902019,'1490060',1244,,1616,41,,,0
902019,'1490061',1404,,1617,41,,,0
902019,'1490062',1524,,1618,41,,,0
902019,'1490063',1644,,1619,41,,,0
902019,'1490064',1804,,1620,41,,,0
902019,'1490065',1924,,1621,41,,,0
902019,'1490066',2044,,1622,41,,,0
902019,'1490067',2204,,1623,41,,,0
902019,'1490068',1804,,1624,15,,,0
902019,'1497387',704,,1625,15,,,0
902019,'1497388',804,,1626,15,,,0
902019,'1497389',904,,1627,15,,,0
902019,'1497390',1004,,1628,15,,,0
902019,'1497391',1104,,1629,15,,,0
902019,'1497392',1204,,1630,15,,,0
902019,'1497393',1304,,1631,15,,,0
902019,'1497394',1404,,1632,15,,,0
902019,'1497395',1504,,1633,15,,,0
902019,'1497396',1604,,1634,15,,,0
902019,'1497397',1704,,1635,15,,,0
