12019,'1488124',720,,1637,13,0,12 13,0
12019,'1488125',820,,1638,13,0,12 13,0
12019,'1488126',920,,1639,13,0,12 13,0
12019,'1488127',1020,,1640,13,0,12 13,0
12019,'1488128',1120,,1641,13,0,12 13,0
12019,'1488129',1220,,1642,13,0,12 13,0
12019,'1488130',1320,,1643,13,0,12 13,0
12019,'1488131',1420,,1644,13,0,12 13,0
12019,'1488132',1520,,1645,13,0,12 13,0
12019,'1488133',1620,,1646,13,0,12 13,0
12019,'1488134',1720,,1647,13,0,12 13,0
12019,'1488135',1820,,1648,13,0,12 13,0
12019,'1488136',820,,1649,13,0,12 13,0
12019,'1488137',920,,1650,13,0,12 13,0
12019,'1488138',1020,,1651,13,0,12 13,0
12019,'1488139',1120,,1652,13,0,12 13,0
12019,'1488140',1220,,1653,13,0,12 13,0
12019,'1488141',1320,,1654,13,0,12 13,0
12019,'1488142',1420,,1655,13,0,12 13,0
12019,'1488143',1520,,1656,13,0,12 13,0
12019,'1488144',1620,,1657,13,0,12 13,0
12019,'1488145',1720,,1658,13,0,12 13,0
12019,'1488146',1820,,1659,13,0,12 13,0
