15019,'1492887',1844,,1660,13,,,0
15019,'1492888',1944,,1661,13,,,0
15019,'1492889',2044,,1662,13,,,0
15019,'1492890',2144,,1663,13,,,0
15019,'1495961',644,,1664,13,,,0
15019,'1495962',744,,1665,13,,,0
15019,'1495963',844,,1666,13,,,0
15019,'1495964',944,,1667,13,,,0
15019,'1495965',1044,,1668,13,,,0
15019,'1495966',1144,,1669,13,,,0
15019,'1495967',1244,,1670,13,,,0
15019,'1495968',1344,,1671,13,,,0
15019,'1495969',1444,,1672,13,,,0
15019,'1495970',1544,,1673,13,,,0
15019,'1495971',1644,,1674,13,,,0
15019,'1495972',1744,,1675,13,,,0
15019,'1497631',640,,1676,13,,,0
15019,'1497632',740,,1677,13,,,0
15019,'1497633',840,,1678,13,,,0
15019,'1497634',940,,1679,13,,,0
15019,'1497635',1040,,1680,13,,,0
15019,'1497636',1140,,1681,13,,,0
15019,'1497637',1240,,1682,13,,,0
15019,'1497638',1340,,1683,13,,,0
15019,'1497639',1440,,1684,13,,,0
15019,'1497640',1540,,1685,13,,,0
15019,'1497641',1640,,1686,13,,,0
15019,'1497642',1740,,1687,13,,,0
15019,'1497643',1840,,1688,13,,,0
15019,'1497644',1940,,1689,13,,,0
15019,'1497645',2040,,1690,13,,,0
15019,'1497646',2140,,1691,13,,,0
15019,'1497647',840,,1692,13,,,0
15019,'1497648',940,,1693,13,,,0
15019,'1497649',1040,,1694,13,,,0
15019,'1497650',1140,,1695,13,,,0
15019,'1497651',1240,,1696,13,,,0
15019,'1497652',1340,,1697,13,,,0
15019,'1497653',1440,,1698,13,,,0
15019,'1497654',1540,,1699,13,,,0
15019,'1497655',1640,,1700,13,,,0
15019,'1497656',1740,,1701,13,,,0
15019,'1497657',1840,,1702,13,,,0
15019,'1497658',1940,,1703,13,,,0
15019,'1497659',2040,,1704,13,,,0
15019,'1497660',2140,,1705,13,,,0
