7019,'1489971',700,,113,24,0,7,0
7019,'1489972',740,,114,24,0,7,0
7019,'1489973',820,,115,24,0,7,0
7019,'1489974',900,,116,24,0,7,0
7019,'1489975',940,,117,24,0,7,0
7019,'1489976',1020,,118,24,0,7,0
7019,'1489977',1100,,917,24,0,7,0
7019,'1489978',1140,,918,24,0,7,0
7019,'1489979',1220,,919,24,0,7,0
7019,'1489980',1300,,920,24,0,7,0
7019,'1489981',1340,,921,24,0,7,0
7019,'1489982',1420,,922,24,0,7,0
7019,'1489983',1500,,119,24,0,7,0
7019,'1489984',1540,,120,24,0,7,0
7019,'1489985',1620,,121,24,0,7,0
7019,'1489986',1700,,122,24,0,7,0
7019,'1489987',1740,,123,24,0,7,0
7019,'1489988',1820,,124,24,0,7,0
7019,'1489989',1900,,923,24,0,7,0
7019,'1489990',1940,,924,24,0,7,0
7019,'1489991',2020,,925,24,0,7,0
7019,'1489992',2100,,926,24,0,7,0
7019,'1489993',2140,,927,24,0,7,0
7019,'1489994',2220,,928,24,0,7,0
7019,'1489995',820,,125,24,0,7,0
7019,'1489996',900,,126,24,0,7,0
7019,'1489997',940,,127,24,0,7,0
7019,'1489998',1020,,128,24,0,7,0
7019,'1489999',1100,,129,24,0,7,0
7019,'1490000',1140,,130,24,0,7,0
7019,'1490001',1220,,131,24,0,7,0
7019,'1490002',1300,,132,24,0,7,0
7019,'1490003',1340,,133,24,0,7,0
7019,'1490004',1420,,134,24,0,7,0
7019,'1490005',1500,,135,24,0,7,0
7019,'1490006',1540,,136,24,0,7,0
7019,'1490007',1620,,137,24,0,7,0
7019,'1490008',1700,,138,24,0,7,0
7019,'1490009',1740,,139,24,0,7,0
7019,'1490010',1820,,140,24,0,7,0
7019,'1490011',1900,,929,24,0,7,0
7019,'1490012',1940,,930,24,0,7,0
7019,'1490013',2020,,931,24,0,7,0
7019,'1490014',2100,,932,24,0,7,0
7019,'1490015',2140,,933,24,0,7,0
7019,'1490016',2220,,934,24,0,7,0
