1019,'1483501',745,,25,5,0,18,0
2019,'1483532',745,,885,5,,,0
2019,'1486350',641,,1338,17,,,0
2019,'1486351',721,,1339,17,,,0
2019,'1486352',801,,1340,17,,,0
2019,'1486353',841,,1341,17,,,0
2019,'1486354',921,,1342,17,,,0
2019,'1486355',1001,,1343,17,,,0
2019,'1486356',1041,,1344,17,,,0
2019,'1486357',1121,,1345,17,,,0
2019,'1486358',1201,,1346,17,,,0
2019,'1486359',1241,,1347,17,,,0
2019,'1486360',1321,,1348,17,,,0
2019,'1486361',1401,,1349,17,,,0
2019,'1486362',1441,,1350,17,,,0
2019,'1486363',1521,,1351,17,,,0
2019,'1486364',1601,,1352,17,,,0
2019,'1486365',1641,,1353,17,,,0
2019,'1486366',1721,,1354,17,,,0
2019,'1486367',821,,1355,34,,,0
2019,'1486368',901,,1356,34,,,0
2019,'1486369',941,,1357,34,,,0
2019,'1486370',1021,,1358,34,,,0
2019,'1486371',1101,,1359,34,,,0
2019,'1486372',1141,,1360,34,,,0
2019,'1486373',1221,,1361,34,,,0
2019,'1486374',1301,,1362,34,,,0
2019,'1486375',1341,,1363,34,,,0
2019,'1486376',1421,,1364,34,,,0
2019,'1486377',1501,,1365,34,,,0
2019,'1486378',1541,,1366,34,,,0
2019,'1486379',1621,,1367,34,,,0
2019,'1486380',1701,,1368,34,,,0
2019,'1486381',1741,,1369,34,,,0
2019,'1486382',1821,,1370,34,,,0
2019,'1486958',1801,,1371,17,,,0
4019,'1480746',623,,63,1,,,0
4019,'1480747',743,,64,1,,,0
30000019,'1496023',825,,1329,8,,,0
30000019,'1496024',925,,1330,8,,,0
30000019,'1496025',1025,,1331,8,,,0
30000019,'1496026',1125,,1332,8,,,0
30000019,'1496027',1225,,1333,8,,,0
30000019,'1496028',1325,,1334,8,,,0
30000019,'1496029',1425,,1335,8,,,0
30000019,'1496030',1525,,1336,8,,,0
30000019,'1496031',1625,,1337,8,,,0
