7019,'1489971',646,,113,11,0,7,0
7019,'1489972',726,,114,11,0,7,0
7019,'1489973',806,,115,11,0,7,0
7019,'1489974',846,,116,11,0,7,0
7019,'1489975',926,,117,11,0,7,0
7019,'1489976',1006,,118,11,0,7,0
7019,'1489977',1046,,917,11,0,7,0
7019,'1489978',1126,,918,11,0,7,0
7019,'1489979',1206,,919,11,0,7,0
7019,'1489980',1246,,920,11,0,7,0
7019,'1489981',1326,,921,11,0,7,0
7019,'1489982',1406,,922,11,0,7,0
7019,'1489983',1446,,119,11,0,7,0
7019,'1489984',1526,,120,11,0,7,0
7019,'1489985',1606,,121,11,0,7,0
7019,'1489986',1646,,122,11,0,7,0
7019,'1489987',1726,,123,11,0,7,0
7019,'1489988',1806,,124,11,0,7,0
7019,'1489989',1846,,923,11,0,7,0
7019,'1489990',1926,,924,11,0,7,0
7019,'1489991',2006,,925,11,0,7,0
7019,'1489992',2046,,926,11,0,7,0
7019,'1489993',2126,,927,11,0,7,0
7019,'1489994',2206,,928,11,0,7,0
7019,'1489995',806,,125,11,0,7,0
7019,'1489996',846,,126,11,0,7,0
7019,'1489997',926,,127,11,0,7,0
7019,'1489998',1006,,128,11,0,7,0
7019,'1489999',1046,,129,11,0,7,0
7019,'1490000',1126,,130,11,0,7,0
7019,'1490001',1206,,131,11,0,7,0
7019,'1490002',1246,,132,11,0,7,0
7019,'1490003',1326,,133,11,0,7,0
7019,'1490004',1406,,134,11,0,7,0
7019,'1490005',1446,,135,11,0,7,0
7019,'1490006',1526,,136,11,0,7,0
7019,'1490007',1606,,137,11,0,7,0
7019,'1490008',1646,,138,11,0,7,0
7019,'1490009',1726,,139,11,0,7,0
7019,'1490010',1806,,140,11,0,7,0
7019,'1490011',1846,,929,11,0,7,0
7019,'1490012',1926,,930,11,0,7,0
7019,'1490013',2006,,931,11,0,7,0
7019,'1490014',2046,,932,11,0,7,0
7019,'1490015',2126,,933,11,0,7,0
7019,'1490016',2206,,934,11,0,7,0
6809,'1482171',805,,1069,14,,,0
6809,'1482172',835,,1070,14,,,0
6809,'1482174',1505,,1072,14,,,0
6809,'1482175',1533,,1073,14,,,0
30000019,'1496023',856,,1329,22,,,0
30000019,'1496024',956,,1330,22,,,0
30000019,'1496025',1056,,1331,22,,,0
30000019,'1496026',1156,,1332,22,,,0
30000019,'1496027',1256,,1333,22,,,0
30000019,'1496028',1356,,1334,22,,,0
30000019,'1496029',1456,,1335,22,,,0
30000019,'1496030',1556,,1336,22,,,0
30000019,'1496031',1656,,1337,22,,,0
