93019,'1496012',712,,1295,2,0,5,0
93019,'1496013',812,,1296,2,0,5,0
93019,'1496014',912,,1297,2,0,5,0
93019,'1496015',1012,,1298,2,0,5,0
93019,'1496016',1112,,1299,2,0,5,0
93019,'1496017',1212,,1300,2,0,5,0
93019,'1496018',1312,,1301,2,0,5,0
93019,'1496019',1412,,1302,2,0,5,0
93019,'1496020',1512,,1303,2,0,5,0
93019,'1496021',1612,,1304,2,0,5,0
93019,'1496022',1712,,1305,2,0,5,0
901019,'1490032',752,,1584,2,,,0
901019,'1490033',912,,1585,2,,,0
901019,'1490034',1032,,1586,2,,,0
901019,'1490035',1152,,1587,2,,,0
901019,'1490036',1312,,1588,2,,,0
901019,'1490037',1432,,1589,2,,,0
901019,'1490038',1552,,1590,2,,,0
901019,'1490039',1712,,1591,2,,,0
901019,'1490040',1832,,1592,2,,,0
901019,'1490041',1952,,1593,2,,,0
901019,'1490042',2112,,1594,2,,,0
901019,'1497372',632,,1595,2,,,0
901019,'1497373',732,,1596,2,,,0
901019,'1497374',832,,1597,2,,,0
901019,'1497375',932,,1598,2,,,0
901019,'1497376',1032,,1599,2,,,0
901019,'1497377',1132,,1600,2,,,0
901019,'1497378',1232,,1601,2,,,0
901019,'1497379',1332,,1602,2,,,0
901019,'1497380',1432,,1603,2,,,0
901019,'1497381',1532,,1604,2,,,0
901019,'1497382',1632,,1605,2,,,0
901019,'1497383',1732,,1606,2,,,0
901019,'1497384',1832,,1607,2,,,0
901019,'1497385',1952,,1608,2,,,0
901019,'1497386',2112,,1609,2,,,0
902019,'1490054',1912,,1610,28,,,0
902019,'1490055',2032,,1611,28,,,0
902019,'1490056',2152,,1612,28,,,0
902019,'1490057',832,,1613,28,,,0
902019,'1490058',952,,1614,28,,,0
902019,'1490059',1112,,1615,28,,,0
902019,'1490060',1232,,1616,28,,,0
902019,'1490061',1352,,1617,28,,,0
902019,'1490062',1512,,1618,28,,,0
902019,'1490063',1632,,1619,28,,,0
902019,'1490064',1752,,1620,28,,,0
902019,'1490065',1912,,1621,28,,,0
902019,'1490066',2032,,1622,28,,,0
902019,'1490067',2152,,1623,28,,,0
902019,'1490068',1752,,1624,2,,,0
902019,'1497387',652,,1625,2,,,0
902019,'1497388',752,,1626,2,,,0
902019,'1497389',852,,1627,2,,,0
902019,'1497390',952,,1628,2,,,0
902019,'1497391',1052,,1629,2,,,0
902019,'1497392',1152,,1630,2,,,0
902019,'1497393',1252,,1631,2,,,0
902019,'1497394',1352,,1632,2,,,0
902019,'1497395',1452,,1633,2,,,0
902019,'1497396',1552,,1634,2,,,0
902019,'1497397',1652,,1635,2,,,0
