1019,'1485865',643,,26,15,0,11,0
1019,'1485866',723,,27,15,0,11,0
1019,'1485867',803,,28,15,0,11,0
1019,'1485868',843,,29,15,0,11,0
1019,'1485869',923,,30,15,0,11,0
1019,'1485870',1003,,31,15,0,11,0
1019,'1485871',1043,,32,15,0,11,0
1019,'1485872',1123,,33,15,0,11,0
1019,'1485873',1203,,34,15,0,11,0
1019,'1485874',1243,,35,15,0,11,0
1019,'1485875',1323,,36,15,0,11,0
1019,'1485876',1403,,37,15,0,11,0
1019,'1485877',1443,,38,15,0,11,0
1019,'1485878',1523,,39,15,0,11,0
1019,'1485879',1603,,40,15,0,11,0
1019,'1485880',1643,,41,15,0,11,0
1019,'1485881',1723,,42,15,0,11,0
1019,'1485882',1803,,43,15,0,11,0
1019,'1485883',803,,869,15,0,11,0
1019,'1485884',843,,870,15,0,11,0
1019,'1485885',923,,871,15,0,11,0
1019,'1485886',1003,,872,15,0,11,0
1019,'1485887',1043,,873,15,0,11,0
1019,'1485888',1123,,874,15,0,11,0
1019,'1485889',1203,,875,15,0,11,0
1019,'1485890',1243,,876,15,0,11,0
1019,'1485891',1323,,877,15,0,11,0
1019,'1485892',1403,,878,15,0,11,0
1019,'1485893',1443,,879,15,0,11,0
1019,'1485894',1523,,880,15,0,11,0
1019,'1485895',1603,,881,15,0,11,0
1019,'1485896',1643,,882,15,0,11,0
1019,'1485897',1723,,883,15,0,11,0
1019,'1485898',1803,,884,15,0,11,0
3019,'1486996',826,,1149,38,,,0
3019,'1486997',906,,1150,38,,,0
3019,'1486998',946,,1151,38,,,0
3019,'1486999',1026,,1152,38,,,0
3019,'1487000',1106,,1153,38,,,0
3019,'1487001',1146,,1154,38,,,0
3019,'1487002',1226,,1155,38,,,0
3019,'1487003',1306,,1156,38,,,0
3019,'1487004',1346,,1157,38,,,0
3019,'1487005',1426,,1158,38,,,0
3019,'1487006',1506,,1159,38,,,0
3019,'1487007',1546,,1160,38,,,0
3019,'1487008',1626,,1161,38,,,0
3019,'1487009',1706,,1162,38,,,0
3019,'1494946',735,,916,10,,,0
10019,'1483448',643,,161,10,0,5,0
10019,'1483449',1523,,162,10,0,5,0
10019,'1486951',706,,163,16,,,0
10019,'1486952',726,,164,16,,,0
10019,'1486953',746,,165,16,,,0
10019,'1486954',1546,,166,16,,,0
10019,'1486955',1606,,167,16,,,0
10019,'1486956',1626,,168,16,,,0
10019,'1486957',1646,,169,16,,,0
