20019,'1497182',700,,1459,27,,,0
20019,'1497183',740,,1460,27,,,0
20019,'1497184',820,,1461,27,,,0
20019,'1497185',900,,1462,27,,,0
20019,'1497186',940,,1463,27,,,0
20019,'1497187',1020,,1464,27,,,0
20019,'1497188',1100,,1465,27,,,0
20019,'1497189',1140,,1466,27,,,0
20019,'1497190',1220,,1467,27,,,0
20019,'1497191',1300,,1468,27,,,0
20019,'1497192',1340,,1469,27,,,0
20019,'1497193',1420,,1470,27,,,0
20019,'1497194',1500,,1471,27,,,0
20019,'1497195',1540,,1472,27,,,0
20019,'1497196',1620,,1473,27,,,0
20019,'1497197',1700,,1474,27,,,0
20019,'1497198',1740,,1475,27,,,0
20019,'1497199',1820,,1476,27,,,0
20019,'1497200',1900,,1477,27,,,0
20019,'1497201',1940,,1478,27,,,0
20019,'1497202',2020,,1479,27,,,0
20019,'1497203',2100,,1480,27,,,0
20019,'1497204',2140,,1481,27,,,0
20019,'1497205',2220,,1482,27,,,0
20019,'1497206',820,,1483,27,,,0
20019,'1497207',900,,1484,27,,,0
20019,'1497208',940,,1485,27,,,0
20019,'1497209',1020,,1486,27,,,0
20019,'1497210',1100,,1487,27,,,0
20019,'1497211',1140,,1488,27,,,0
20019,'1497212',1220,,1489,27,,,0
20019,'1497213',1300,,1490,27,,,0
20019,'1497214',1340,,1491,27,,,0
20019,'1497215',1420,,1492,27,,,0
20019,'1497216',1500,,1493,27,,,0
20019,'1497217',1540,,1494,27,,,0
20019,'1497218',1620,,1495,27,,,0
20019,'1497219',1700,,1496,27,,,0
20019,'1497220',1740,,1497,27,,,0
20019,'1497221',1820,,1498,27,,,0
20019,'1497222',1900,,1499,27,,,0
20019,'1497223',1940,,1500,27,,,0
20019,'1497224',2020,,1501,27,,,0
20019,'1497225',2100,,1502,27,,,0
20019,'1497226',2140,,1503,27,,,0
20019,'1497227',2220,,1504,27,,,0
