16019,'1497350',741,,1563,3,0,9 10,0
16019,'1497351',841,,1564,3,0,9 10,0
16019,'1497352',941,,1565,3,0,9 10,0
16019,'1497353',1041,,1566,3,0,9 10,0
16019,'1497354',1141,,1567,3,0,9 10,0
16019,'1497355',1241,,1568,3,0,9 10,0
16019,'1497356',1341,,1569,3,0,9 10,0
16019,'1497357',1441,,1570,3,0,9 10,0
16019,'1497358',1541,,1571,3,0,9 10,0
16019,'1497359',1641,,1572,3,0,9 10,0
16019,'1497360',1741,,1573,3,0,9 10,0
16019,'1497361',841,,1574,3,0,9 10,0
16019,'1497362',941,,1575,3,0,9 10,0
16019,'1497363',1041,,1576,3,0,9 10,0
16019,'1497364',1141,,1577,3,0,9 10,0
16019,'1497365',1241,,1578,3,0,9 10,0
16019,'1497366',1341,,1579,3,0,9 10,0
16019,'1497367',1441,,1580,3,0,9 10,0
16019,'1497368',1541,,1581,3,0,9 10,0
16019,'1497369',1641,,1582,3,0,9 10,0
16019,'1497370',1741,,1583,3,0,9 10,0
93019,'1497427',741,,1706,28,,,0
93019,'1497428',841,,1707,28,,,0
93019,'1497429',941,,1708,28,,,0
93019,'1497430',1041,,1709,28,,,0
93019,'1497431',1141,,1710,28,,,0
93019,'1497432',1241,,1711,28,,,0
93019,'1497433',1341,,1712,28,,,0
93019,'1497434',1441,,1713,28,,,0
93019,'1497435',1541,,1714,28,,,0
93019,'1497436',1641,,1715,28,,,0
93019,'1497437',1741,,1716,28,,,0
901019,'1490032',821,,1584,28,0,6,0
901019,'1490033',941,,1585,28,0,6,0
901019,'1490034',1101,,1586,28,0,6,0
901019,'1490035',1221,,1587,28,0,6,0
901019,'1490036',1341,,1588,28,0,6,0
901019,'1490037',1501,,1589,28,0,6,0
901019,'1490038',1621,,1590,28,0,6,0
901019,'1490039',1741,,1591,28,0,6,0
901019,'1490040',1901,,1592,28,0,6,0
901019,'1490041',2021,,1593,28,0,6,0
901019,'1490042',2141,,1594,28,0,6,0
901019,'1497372',701,,1595,28,0,6,0
901019,'1497373',801,,1596,28,0,6,0
901019,'1497374',901,,1597,28,0,6,0
901019,'1497375',1001,,1598,28,0,6,0
901019,'1497376',1101,,1599,28,0,6,0
901019,'1497377',1201,,1600,28,0,6,0
901019,'1497378',1301,,1601,28,0,6,0
901019,'1497379',1401,,1602,28,0,6,0
901019,'1497380',1501,,1603,28,0,6,0
901019,'1497381',1601,,1604,28,0,6,0
901019,'1497382',1701,,1605,28,0,6,0
901019,'1497383',1801,,1606,28,0,6,0
901019,'1497384',1901,,1607,28,0,6,0
901019,'1497385',2021,,1608,28,0,6,0
901019,'1497386',2141,,1609,28,0,6,0
902019,'1490054',1941,,1610,54,0,6,0
902019,'1490055',2101,,1611,54,0,6,0
902019,'1490056',2221,,1612,54,0,6,0
902019,'1490057',901,,1613,54,0,6,0
902019,'1490058',1021,,1614,54,0,6,0
902019,'1490059',1141,,1615,54,0,6,0
902019,'1490060',1301,,1616,54,0,6,0
902019,'1490061',1421,,1617,54,0,6,0
902019,'1490062',1541,,1618,54,0,6,0
902019,'1490063',1701,,1619,54,0,6,0
902019,'1490064',1821,,1620,54,0,6,0
902019,'1490065',1941,,1621,54,0,6,0
902019,'1490066',2101,,1622,54,0,6,0
902019,'1490067',2221,,1623,54,0,6,0
902019,'1490068',1821,,1624,28,0,6,0
902019,'1497387',721,,1625,28,0,6,0
902019,'1497388',821,,1626,28,0,6,0
902019,'1497389',921,,1627,28,0,6,0
902019,'1497390',1021,,1628,28,0,6,0
902019,'1497391',1121,,1629,28,0,6,0
902019,'1497392',1221,,1630,28,0,6,0
902019,'1497393',1321,,1631,28,0,6,0
902019,'1497394',1421,,1632,28,0,6,0
902019,'1497395',1521,,1633,28,0,6,0
902019,'1497396',1621,,1634,28,0,6,0
902019,'1497397',1721,,1635,28,0,6,0
