1019,'1481753',630,,1,7,4,,0
1019,'1481754',750,,2,7,4,,0
1019,'1482680',750,,3,1,0,18,0,80,,3,37,4,,0
1019,'1482681',830,,4,1,0,18,0,80,,4,37,4,,0
1019,'1482682',910,,5,1,0,18,0,40,,5,37,4,,0
1019,'1482683',950,,6,1,0,18,0,80,,6,37,4,,0
1019,'1482684',1030,,7,1,0,18,0,80,,7,37,4,,0
1019,'1482685',1110,,8,1,0,18,0,40,,8,37,4,,0
1019,'1482686',1150,,9,1,0,18,0,80,,9,37,4,,0
1019,'1482687',1230,,10,1,0,18,0,80,,10,37,4,,0
1019,'1482688',1310,,11,1,0,18,0,40,,11,37,4,,0
1019,'1482689',1350,,12,1,0,18,0,80,,12,37,4,,0
1019,'1482690',1430,,13,1,0,18,0,80,,13,37,4,,0
1019,'1482691',1510,,14,1,0,18,0,40,,14,37,4,,0
1019,'1482692',1550,,15,1,0,18,0,80,,15,37,4,,0
1019,'1482693',1630,,16,1,0,18,0,80,,16,37,4,,0
1019,'1482694',1710,,17,1,0,18,0,40,,17,37,4,,0
1019,'1482695',1750,,18,1,0,18,0,80,,18,37,4,,0
1019,'1482696',1830,,19,1,0,18,0,80,,19,37,4,,0
1019,'1482697',1910,,20,1,0,18,0,40,,20,37,4,,0
1019,'1482698',1950,,21,1,0,18,0,80,,21,37,4,,0
1019,'1482699',2030,,22,1,0,18,0,80,,22,37,4,,0
1019,'1482700',2110,,23,1,0,18,0,40,,23,37,4,,0
1019,'1482701',2150,,24,1,0,18,0,80,,24,37,4,,0
1019,'1483501',750,,25,11,4,,0
1019,'1485865',630,,26,1,0,11,0,80,,26,40,4,,0
1019,'1485866',710,,27,1,0,11,0,40,,27,40,4,,0
1019,'1485867',750,,28,1,0,11,0,80,,28,40,4,,0
1019,'1485868',830,,29,1,0,11,0,80,,29,40,4,,0
1019,'1485869',910,,30,1,0,11,0,40,,30,40,4,,0
1019,'1485870',950,,31,1,0,11,0,80,,31,40,4,,0
1019,'1485871',1030,,32,1,0,11,0,80,,32,40,4,,0
1019,'1485872',1110,,33,1,0,11,0,40,,33,40,4,,0
1019,'1485873',1150,,34,1,0,11,0,80,,34,40,4,,0
1019,'1485874',1230,,35,1,0,11,0,80,,35,40,4,,0
1019,'1485875',1310,,36,1,0,11,0,40,,36,40,4,,0
1019,'1485876',1350,,37,1,0,11,0,80,,37,40,4,,0
1019,'1485877',1430,,38,1,0,11,0,80,,38,40,4,,0
1019,'1485878',1510,,39,1,0,11,0,40,,39,40,4,,0
1019,'1485879',1550,,40,1,0,11,0,80,,40,40,4,,0
1019,'1485880',1630,,41,1,0,11,0,80,,41,40,4,,0
1019,'1485881',1710,,42,1,0,11,0,40,,42,40,4,,0
1019,'1485882',1750,,43,1,0,11,0,80,,43,40,4,,0
1019,'1485883',750,,869,1,0,11,0,80,,869,40,4,,0
1019,'1485884',830,,870,1,0,11,0,80,,870,40,4,,0
1019,'1485885',910,,871,1,0,11,0,40,,871,40,4,,0
1019,'1485886',950,,872,1,0,11,0,80,,872,40,4,,0
1019,'1485887',1030,,873,1,0,11,0,80,,873,40,4,,0
1019,'1485888',1110,,874,1,0,11,0,40,,874,40,4,,0
1019,'1485889',1150,,875,1,0,11,0,80,,875,40,4,,0
1019,'1485890',1230,,876,1,0,11,0,80,,876,40,4,,0
1019,'1485891',1310,,877,1,0,11,0,40,,877,40,4,,0
1019,'1485892',1350,,878,1,0,11,0,80,,878,40,4,,0
1019,'1485893',1430,,879,1,0,11,0,80,,879,40,4,,0
1019,'1485894',1510,,880,1,0,11,0,40,,880,40,4,,0
1019,'1485895',1550,,881,1,0,11,0,80,,881,40,4,,0
1019,'1485896',1630,,882,1,0,11,0,80,,882,40,4,,0
1019,'1485897',1710,,883,1,0,11,0,40,,883,40,4,,0
1019,'1485898',1750,,884,1,0,11,0,80,,884,40,4,,0
2019,'1483532',750,,885,11,4,,0
2019,'1486350',650,,1505,23,,,0
2019,'1486351',730,,1506,23,,,0
2019,'1486352',810,,1507,23,,,0
2019,'1486353',850,,1508,23,,,0
2019,'1486354',930,,1509,23,,,0
2019,'1486355',1010,,1510,23,,,0
2019,'1486356',1050,,1511,23,,,0
2019,'1486357',1130,,1512,23,,,0
2019,'1486358',1210,,1513,23,,,0
2019,'1486359',1250,,1514,23,,,0
2019,'1486360',1330,,1515,23,,,0
2019,'1486361',1410,,1516,23,,,0
2019,'1486362',1450,,1517,23,,,0
2019,'1486363',1530,,1518,23,,,0
2019,'1486364',1610,,1519,23,,,0
2019,'1486365',1650,,1520,23,,,0
2019,'1486366',1730,,1521,23,,,0
2019,'1486367',750,,1522,1,,,0,80,,1522,40,4,,0
2019,'1486368',830,,1523,1,,,0,80,,1523,40,4,,0
2019,'1486369',910,,1524,1,,,0,40,,1524,40,4,,0
2019,'1486370',950,,1525,1,,,0,80,,1525,40,4,,0
2019,'1486371',1030,,1526,1,,,0,80,,1526,40,4,,0
2019,'1486372',1110,,1527,1,,,0,40,,1527,40,4,,0
2019,'1486373',1150,,1528,1,,,0,80,,1528,40,4,,0
2019,'1486374',1230,,1529,1,,,0,80,,1529,40,4,,0
2019,'1486375',1310,,1530,1,,,0,40,,1530,40,4,,0
2019,'1486376',1350,,1531,1,,,0,80,,1531,40,4,,0
2019,'1486377',1430,,1532,1,,,0,80,,1532,40,4,,0
2019,'1486378',1510,,1533,1,,,0,40,,1533,40,4,,0
2019,'1486379',1550,,1534,1,,,0,80,,1534,40,4,,0
2019,'1486380',1630,,1535,1,,,0,80,,1535,40,4,,0
2019,'1486381',1710,,1536,1,,,0,40,,1536,40,4,,0
2019,'1486382',1750,,1537,1,,,0,80,,1537,40,4,,0
2019,'1486958',1810,,1538,23,,,0
3019,'1486996',810,,1149,24,,,0
3019,'1486997',850,,1150,24,,,0
3019,'1486998',930,,1151,24,,,0
3019,'1486999',1010,,1152,24,,,0
3019,'1487000',1050,,1153,24,,,0
3019,'1487001',1130,,1154,24,,,0
3019,'1487002',1210,,1155,24,,,0
3019,'1487003',1250,,1156,24,,,0
3019,'1487004',1330,,1157,24,,,0
3019,'1487005',1410,,1158,24,,,0
3019,'1487006',1450,,1159,24,,,0
3019,'1487007',1530,,1160,24,,,0
3019,'1487008',1610,,1161,24,,,0
3019,'1487009',1650,,1162,24,,,0
4019,'1480746',630,,63,7,4,,0
4019,'1480747',750,,64,7,4,,0
4019,'1489036',630,,65,1,,,0,80,,65,36,4,,0
4019,'1489037',710,,66,1,,,0,40,,66,36,4,,0
4019,'1489038',750,,67,1,,,0,80,,67,36,4,,0
4019,'1489039',830,,68,1,,,0,80,,68,36,4,,0
4019,'1489040',910,,69,1,,,0,40,,69,36,4,,0
4019,'1489041',950,,70,1,,,0,80,,70,36,4,,0
4019,'1489042',1030,,71,1,,,0,80,,71,36,4,,0
4019,'1489043',1110,,72,1,,,0,40,,72,36,4,,0
4019,'1489044',1150,,73,1,,,0,80,,73,36,4,,0
4019,'1489045',1230,,74,1,,,0,80,,74,36,4,,0
4019,'1489046',1310,,75,1,,,0,40,,75,36,4,,0
4019,'1489047',1350,,76,1,,,0,80,,76,36,4,,0
4019,'1489048',1430,,77,1,,,0,80,,77,36,4,,0
4019,'1489049',1510,,78,1,,,0,40,,78,36,4,,0
4019,'1489050',1550,,79,1,,,0,80,,79,36,4,,0
4019,'1489051',1630,,80,1,,,0,80,,80,36,4,,0
4019,'1489052',1710,,81,1,,,0,40,,81,36,4,,0
4019,'1489053',1750,,82,1,,,0,80,,82,36,4,,0
4019,'1489054',1830,,83,1,,,0,80,,83,36,4,,0
4019,'1489055',1910,,84,1,,,0,40,,84,36,4,,0
4019,'1489056',1950,,85,1,,,0,80,,85,36,4,,0
4019,'1489057',2030,,86,1,,,0,80,,86,36,4,,0
4019,'1489058',2110,,87,1,,,0,40,,87,36,4,,0
4019,'1489059',2150,,88,1,,,0,80,,88,36,4,,0
4019,'1489060',750,,89,1,,,0,80,,89,36,4,,0
4019,'1489061',830,,90,1,,,0,80,,90,36,4,,0
4019,'1489062',910,,91,1,,,0,40,,91,36,4,,0
4019,'1489063',950,,92,1,,,0,80,,92,36,4,,0
4019,'1489064',1030,,93,1,,,0,80,,93,36,4,,0
4019,'1489065',1110,,94,1,,,0,40,,94,36,4,,0
4019,'1489066',1150,,95,1,,,0,80,,95,36,4,,0
4019,'1489067',1230,,96,1,,,0,80,,96,36,4,,0
4019,'1489068',1310,,97,1,,,0,40,,97,36,4,,0
4019,'1489069',1350,,98,1,,,0,80,,98,36,4,,0
4019,'1489070',1430,,99,1,,,0,80,,99,36,4,,0
4019,'1489071',1510,,100,1,,,0,40,,100,36,4,,0
4019,'1489072',1550,,101,1,,,0,80,,101,36,4,,0
4019,'1489073',1630,,102,1,,,0,80,,102,36,4,,0
4019,'1489074',1710,,103,1,,,0,40,,103,36,4,,0
4019,'1489075',1750,,104,1,,,0,80,,104,36,4,,0
4019,'1489076',1830,,105,1,,,0,80,,105,36,4,,0
4019,'1489077',1910,,106,1,,,0,40,,106,36,4,,0
4019,'1489078',1950,,107,1,,,0,80,,107,36,4,,0
4019,'1489079',2030,,108,1,,,0,80,,108,36,4,,0
4019,'1489080',2110,,109,1,,,0,40,,109,36,4,,0
4019,'1489081',2150,,110,1,,,0,80,,110,36,4,,0
14019,'1480854',630,,207,5,4,,0
14019,'1480855',750,,208,5,4,,0
14019,'1494878',630,,793,1,,,0,80,,793,37,4,,0
14019,'1494879',710,,794,1,,,0,40,,794,37,4,,0
14019,'1494880',750,,795,1,,,0,80,,795,37,4,,0
14019,'1494881',830,,796,1,,,0,80,,796,37,4,,0
14019,'1494882',910,,797,1,,,0,40,,797,37,4,,0
14019,'1494883',950,,798,1,,,0,80,,798,37,4,,0
14019,'1494884',1030,,799,1,,,0,80,,799,37,4,,0
14019,'1494885',1110,,800,1,,,0,40,,800,37,4,,0
14019,'1494886',1150,,801,1,,,0,80,,801,37,4,,0
14019,'1494887',1230,,802,1,,,0,80,,802,37,4,,0
14019,'1494888',1310,,803,1,,,0,40,,803,37,4,,0
14019,'1494889',1350,,804,1,,,0,80,,804,37,4,,0
14019,'1494890',1430,,805,1,,,0,80,,805,37,4,,0
14019,'1494891',1510,,806,1,,,0,40,,806,37,4,,0
14019,'1494892',1550,,807,1,,,0,80,,807,37,4,,0
14019,'1494893',1630,,808,1,,,0,80,,808,37,4,,0
14019,'1494894',1710,,809,1,,,0,40,,809,37,4,,0
14019,'1494895',1750,,810,1,,,0,80,,810,37,4,,0
14019,'1494896',1830,,811,1,,,0,80,,811,37,4,,0
14019,'1494897',1910,,812,1,,,0,40,,812,37,4,,0
14019,'1494898',1950,,813,1,,,0,80,,813,37,4,,0
14019,'1494899',2030,,814,1,,,0,80,,814,37,4,,0
14019,'1494900',2110,,815,1,,,0,40,,815,37,4,,0
14019,'1494901',2150,,816,1,,,0,80,,816,37,4,,0
14019,'1494902',750,,817,1,,,0,80,,817,37,4,,0
14019,'1494903',830,,818,1,,,0,80,,818,37,4,,0
14019,'1494904',910,,819,1,,,0,40,,819,37,4,,0
14019,'1494905',950,,820,1,,,0,80,,820,37,4,,0
14019,'1494906',1030,,821,1,,,0,80,,821,37,4,,0
14019,'1494907',1110,,822,1,,,0,40,,822,37,4,,0
14019,'1494908',1150,,823,1,,,0,80,,823,37,4,,0
14019,'1494909',1230,,824,1,,,0,80,,824,37,4,,0
14019,'1494910',1310,,825,1,,,0,40,,825,37,4,,0
14019,'1494911',1350,,826,1,,,0,80,,826,37,4,,0
14019,'1494912',1430,,827,1,,,0,80,,827,37,4,,0
14019,'1494913',1510,,828,1,,,0,40,,828,37,4,,0
14019,'1494914',1550,,829,1,,,0,80,,829,37,4,,0
14019,'1494915',1630,,830,1,,,0,80,,830,37,4,,0
14019,'1494916',1710,,831,1,,,0,40,,831,37,4,,0
14019,'1494917',1750,,832,1,,,0,80,,832,37,4,,0
14019,'1494918',1830,,833,1,,,0,80,,833,37,4,,0
14019,'1494919',1910,,834,1,,,0,40,,834,37,4,,0
14019,'1494920',1950,,835,1,,,0,80,,835,37,4,,0
14019,'1494921',2030,,836,1,,,0,80,,836,37,4,,0
14019,'1494922',2110,,837,1,,,0,40,,837,37,4,,0
14019,'1494923',2150,,838,1,,,0,80,,838,37,4,,0
15019,'1480582',630,,255,9,4,,0
15019,'1480583',830,,256,9,4,,0
15019,'1494948',630,,1395,1,,,0,100,,1395,57,4,,0
15019,'1494949',730,,1396,1,,,0,100,,1396,57,4,,0
15019,'1494950',830,,1397,1,,,0,100,,1397,57,4,,0
15019,'1494951',930,,1398,1,,,0,100,,1398,57,4,,0
15019,'1494952',1030,,1399,1,,,0,100,,1399,57,4,,0
15019,'1494953',1130,,1400,1,,,0,100,,1400,57,4,,0
15019,'1494954',1230,,1401,1,,,0,100,,1401,57,4,,0
15019,'1494955',1330,,1402,1,,,0,100,,1402,57,4,,0
15019,'1494956',1430,,1403,1,,,0,100,,1403,57,4,,0
15019,'1494957',1530,,1404,1,,,0,100,,1404,57,4,,0
15019,'1494958',1630,,1405,1,,,0,100,,1405,57,4,,0
15019,'1494959',1730,,1406,1,,,0,100,,1406,57,4,,0
15019,'1494960',1830,,1407,1,,,0,100,,1407,57,4,,0
15019,'1494961',1930,,1408,1,,,0,100,,1408,57,4,,0
15019,'1494962',2030,,1409,1,,,0,100,,1409,57,4,,0
15019,'1494963',2130,,1410,1,,,0,100,,1410,57,4,,0
15019,'1494964',830,,1411,1,,,0,100,,1411,57,4,,0
15019,'1494965',930,,1412,1,,,0,100,,1412,57,4,,0
15019,'1494966',1030,,1413,1,,,0,100,,1413,57,4,,0
15019,'1494967',1130,,1414,1,,,0,100,,1414,57,4,,0
15019,'1494968',1230,,1415,1,,,0,100,,1415,57,4,,0
15019,'1494969',1330,,1416,1,,,0,100,,1416,57,4,,0
15019,'1494970',1430,,1417,1,,,0,100,,1417,57,4,,0
15019,'1494971',1530,,1418,1,,,0,100,,1418,57,4,,0
15019,'1494972',1630,,1419,1,,,0,100,,1419,57,4,,0
15019,'1494973',1730,,1420,1,,,0,100,,1420,57,4,,0
15019,'1494974',1830,,1421,1,,,0,100,,1421,57,4,,0
15019,'1494975',1930,,1422,1,,,0,100,,1422,57,4,,0
15019,'1494976',2030,,1423,1,,,0,100,,1423,57,4,,0
15019,'1494977',2130,,1424,1,,,0,100,,1424,57,4,,0
19019,'1489098',630,,1214,1,,,0,80,,1214,28,4,,0
19019,'1489099',710,,1215,1,,,0,40,,1215,28,4,,0
19019,'1489100',750,,1216,1,,,0,80,,1216,28,4,,0
19019,'1489101',830,,1217,1,,,0,80,,1217,28,4,,0
19019,'1489102',910,,1218,1,,,0,40,,1218,28,4,,0
19019,'1489103',950,,1219,1,,,0,80,,1219,28,4,,0
19019,'1489104',1030,,1220,1,,,0,80,,1220,28,4,,0
19019,'1489105',1110,,1221,1,,,0,40,,1221,28,4,,0
19019,'1489106',1150,,1222,1,,,0,80,,1222,28,4,,0
19019,'1489107',1230,,1223,1,,,0,80,,1223,28,4,,0
19019,'1489108',1310,,1224,1,,,0,40,,1224,28,4,,0
19019,'1489109',1350,,1225,1,,,0,80,,1225,28,4,,0
19019,'1489110',1430,,1226,1,,,0,80,,1226,28,4,,0
19019,'1489111',1510,,1227,1,,,0,40,,1227,28,4,,0
19019,'1489112',1550,,1228,1,,,0,80,,1228,28,4,,0
19019,'1489113',1630,,1229,1,,,0,80,,1229,28,4,,0
19019,'1489114',1710,,1230,1,,,0,40,,1230,28,4,,0
19019,'1489115',1750,,1231,1,,,0,80,,1231,28,4,,0
19019,'1489116',650,,1232,1,,,0,80,,1232,28,4,,0
19019,'1489117',730,,1233,1,,,0,80,,1233,28,4,,0
19019,'1489118',810,,1234,1,,,0,40,,1234,28,4,,0
19019,'1489119',850,,1235,1,,,0,80,,1235,28,4,,0
19019,'1489120',930,,1236,1,,,0,80,,1236,28,4,,0
19019,'1489121',1010,,1237,1,,,0,40,,1237,28,4,,0
19019,'1489122',1050,,1238,1,,,0,80,,1238,28,4,,0
19019,'1489123',1130,,1239,1,,,0,80,,1239,28,4,,0
19019,'1489124',1210,,1240,1,,,0,40,,1240,28,4,,0
19019,'1489125',1250,,1241,1,,,0,80,,1241,28,4,,0
19019,'1489126',1330,,1242,1,,,0,80,,1242,28,4,,0
19019,'1489127',1410,,1243,1,,,0,40,,1243,28,4,,0
19019,'1489128',1450,,1244,1,,,0,80,,1244,28,4,,0
19019,'1489129',1530,,1245,1,,,0,80,,1245,28,4,,0
19019,'1489130',1610,,1246,1,,,0,40,,1246,28,4,,0
19019,'1489131',1650,,1247,1,,,0,80,,1247,28,4,,0
19019,'1489132',1730,,1248,1,,,0,80,,1248,28,4,,0
20019,'1497182',630,,1459,1,,,0,80,,1459,32,4,,0
20019,'1497183',710,,1460,1,,,0,40,,1460,32,4,,0
20019,'1497184',750,,1461,1,,,0,80,,1461,32,4,,0
20019,'1497185',830,,1462,1,,,0,80,,1462,32,4,,0
20019,'1497186',910,,1463,1,,,0,40,,1463,32,4,,0
20019,'1497187',950,,1464,1,,,0,80,,1464,32,4,,0
20019,'1497188',1030,,1465,1,,,0,80,,1465,32,4,,0
20019,'1497189',1110,,1466,1,,,0,40,,1466,32,4,,0
20019,'1497190',1150,,1467,1,,,0,80,,1467,32,4,,0
20019,'1497191',1230,,1468,1,,,0,80,,1468,32,4,,0
20019,'1497192',1310,,1469,1,,,0,40,,1469,32,4,,0
20019,'1497193',1350,,1470,1,,,0,80,,1470,32,4,,0
20019,'1497194',1430,,1471,1,,,0,80,,1471,32,4,,0
20019,'1497195',1510,,1472,1,,,0,40,,1472,32,4,,0
20019,'1497196',1550,,1473,1,,,0,80,,1473,32,4,,0
20019,'1497197',1630,,1474,1,,,0,80,,1474,32,4,,0
20019,'1497198',1710,,1475,1,,,0,40,,1475,32,4,,0
20019,'1497199',1750,,1476,1,,,0,80,,1476,32,4,,0
20019,'1497200',1830,,1477,1,,,0,80,,1477,32,4,,0
20019,'1497201',1910,,1478,1,,,0,40,,1478,32,4,,0
20019,'1497202',1950,,1479,1,,,0,80,,1479,32,4,,0
20019,'1497203',2030,,1480,1,,,0,80,,1480,32,4,,0
20019,'1497204',2110,,1481,1,,,0,40,,1481,32,4,,0
20019,'1497205',2150,,1482,1,,,0,80,,1482,32,4,,0
20019,'1497206',750,,1483,1,,,0,80,,1483,32,4,,0
20019,'1497207',830,,1484,1,,,0,80,,1484,32,4,,0
20019,'1497208',910,,1485,1,,,0,40,,1485,32,4,,0
20019,'1497209',950,,1486,1,,,0,80,,1486,32,4,,0
20019,'1497210',1030,,1487,1,,,0,80,,1487,32,4,,0
20019,'1497211',1110,,1488,1,,,0,40,,1488,32,4,,0
20019,'1497212',1150,,1489,1,,,0,80,,1489,32,4,,0
20019,'1497213',1230,,1490,1,,,0,80,,1490,32,4,,0
20019,'1497214',1310,,1491,1,,,0,40,,1491,32,4,,0
20019,'1497215',1350,,1492,1,,,0,80,,1492,32,4,,0
20019,'1497216',1430,,1493,1,,,0,80,,1493,32,4,,0
20019,'1497217',1510,,1494,1,,,0,40,,1494,32,4,,0
20019,'1497218',1550,,1495,1,,,0,80,,1495,32,4,,0
20019,'1497219',1630,,1496,1,,,0,80,,1496,32,4,,0
20019,'1497220',1710,,1497,1,,,0,40,,1497,32,4,,0
20019,'1497221',1750,,1498,1,,,0,80,,1498,32,4,,0
20019,'1497222',1830,,1499,1,,,0,80,,1499,32,4,,0
20019,'1497223',1910,,1500,1,,,0,40,,1500,32,4,,0
20019,'1497224',1950,,1501,1,,,0,80,,1501,32,4,,0
20019,'1497225',2030,,1502,1,,,0,80,,1502,32,4,,0
20019,'1497226',2110,,1503,1,,,0,40,,1503,32,4,,0
20019,'1497227',2150,,1504,1,,,0,80,,1504,32,4,,0
93019,'1487148',710,,1074,6,4,,0
93019,'1496012',710,,1295,1,0,5,0,40,,1295,33,0,14 15,0,60,,1295,36,4,,0
93019,'1496013',810,,1296,1,0,5,0,40,,1296,33,0,14 15,0,60,,1296,36,4,,0
93019,'1496014',910,,1297,1,0,5,0,40,,1297,33,0,14 15,0,60,,1297,36,4,,0
93019,'1496015',1010,,1298,1,0,5,0,40,,1298,33,0,14 15,0,60,,1298,36,4,,0
93019,'1496016',1110,,1299,1,0,5,0,40,,1299,33,0,14 15,0,60,,1299,36,4,,0
93019,'1496017',1210,,1300,1,0,5,0,40,,1300,33,0,14 15,0,60,,1300,36,4,,0
93019,'1496018',1310,,1301,1,0,5,0,40,,1301,33,0,14 15,0,60,,1301,36,4,,0
93019,'1496019',1410,,1302,1,0,5,0,40,,1302,33,0,14 15,0,60,,1302,36,4,,0
93019,'1496020',1510,,1303,1,0,5,0,40,,1303,33,0,14 15,0,60,,1303,36,4,,0
93019,'1496021',1610,,1304,1,0,5,0,40,,1304,33,0,14 15,0,60,,1304,36,4,,0
93019,'1496022',1710,,1305,1,0,5,0,40,,1305,33,0,14 15,0,60,,1305,36,4,,0
901019,'1480871',630,,454,11,4,,0
901019,'1480872',750,,455,11,4,,0
901019,'1490032',750,,1584,1,,,0,80,,1584,33,0,16 17,0,80,,1584,59,4,,0
901019,'1490033',910,,1585,1,,,0,40,,1585,33,0,16 17,0,80,,1585,59,4,,0
901019,'1490034',1030,,1586,1,,,0,80,,1586,33,0,16 17,0,40,,1586,59,4,,0
901019,'1490035',1150,,1587,1,,,0,80,,1587,33,0,16 17,0,80,,1587,59,4,,0
901019,'1490036',1310,,1588,1,,,0,40,,1588,33,0,16 17,0,80,,1588,59,4,,0
901019,'1490037',1430,,1589,1,,,0,80,,1589,33,0,16 17,0,40,,1589,59,4,,0
901019,'1490038',1550,,1590,1,,,0,80,,1590,33,0,16 17,0,80,,1590,59,4,,0
901019,'1490039',1710,,1591,1,,,0,40,,1591,33,0,16 17,0,80,,1591,59,4,,0
901019,'1490040',1830,,1592,1,,,0,80,,1592,33,0,16 17,0,40,,1592,59,4,,0
901019,'1490041',1950,,1593,1,,,0,80,,1593,33,0,16 17,0,80,,1593,59,4,,0
901019,'1490042',2110,,1594,1,,,0,40,,1594,33,0,16 17,0,80,,1594,59,4,,0
901019,'1497372',630,,1595,1,,,0,80,,1595,33,0,14 15,0,20,,1595,36,4,,0
901019,'1497373',730,,1596,1,,,0,80,,1596,33,0,14 15,0,20,,1596,36,4,,0
901019,'1497374',830,,1597,1,,,0,80,,1597,33,0,14 15,0,20,,1597,36,4,,0
901019,'1497375',930,,1598,1,,,0,80,,1598,33,0,14 15,0,20,,1598,36,4,,0
901019,'1497376',1030,,1599,1,,,0,80,,1599,33,0,14 15,0,20,,1599,36,4,,0
901019,'1497377',1130,,1600,1,,,0,80,,1600,33,0,14 15,0,20,,1600,36,4,,0
901019,'1497378',1230,,1601,1,,,0,80,,1601,33,0,14 15,0,20,,1601,36,4,,0
901019,'1497379',1330,,1602,1,,,0,80,,1602,33,0,14 15,0,20,,1602,36,4,,0
901019,'1497380',1430,,1603,1,,,0,80,,1603,33,0,14 15,0,20,,1603,36,4,,0
901019,'1497381',1530,,1604,1,,,0,80,,1604,33,0,14 15,0,20,,1604,36,4,,0
901019,'1497382',1630,,1605,1,,,0,80,,1605,33,0,14 15,0,20,,1605,36,4,,0
901019,'1497383',1730,,1606,1,,,0,80,,1606,33,0,14 15,0,20,,1606,36,4,,0
901019,'1497384',1830,,1607,1,,,0,80,,1607,33,0,16 17,0,40,,1607,59,4,,0
901019,'1497385',1950,,1608,1,,,0,80,,1608,33,0,16 17,0,80,,1608,59,4,,0
901019,'1497386',2110,,1609,1,,,0,40,,1609,33,0,16 17,0,80,,1609,59,4,,0
902019,'1488258',650,,501,6,4,,0
902019,'1488259',750,,502,6,4,,0
902019,'1490054',1830,,1610,1,0,16 17,0,80,,1610,27,0,16 17,0,40,,1610,59,4,,0
902019,'1490055',1950,,1611,1,0,16 17,0,80,,1611,27,0,16 17,0,80,,1611,59,4,,0
902019,'1490056',2110,,1612,1,0,16 17,0,40,,1612,27,0,16 17,0,80,,1612,59,4,,0
902019,'1490057',750,,1613,1,0,16 17,0,80,,1613,27,0,16 17,0,80,,1613,59,4,,0
902019,'1490058',910,,1614,1,0,16 17,0,40,,1614,27,0,16 17,0,80,,1614,59,4,,0
902019,'1490059',1030,,1615,1,0,16 17,0,80,,1615,27,0,16 17,0,40,,1615,59,4,,0
902019,'1490060',1150,,1616,1,0,16 17,0,80,,1616,27,0,16 17,0,80,,1616,59,4,,0
902019,'1490061',1310,,1617,1,0,16 17,0,40,,1617,27,0,16 17,0,80,,1617,59,4,,0
902019,'1490062',1430,,1618,1,0,16 17,0,80,,1618,27,0,16 17,0,40,,1618,59,4,,0
902019,'1490063',1550,,1619,1,0,16 17,0,80,,1619,27,0,16 17,0,80,,1619,59,4,,0
902019,'1490064',1710,,1620,1,0,16 17,0,40,,1620,27,0,16 17,0,80,,1620,59,4,,0
902019,'1490065',1830,,1621,1,0,16 17,0,80,,1621,27,0,16 17,0,40,,1621,59,4,,0
902019,'1490066',1950,,1622,1,0,16 17,0,80,,1622,27,0,16 17,0,80,,1622,59,4,,0
902019,'1490067',2110,,1623,1,0,16 17,0,40,,1623,27,0,16 17,0,80,,1623,59,4,,0
902019,'1490068',1750,,1624,1,,,0,80,,1624,33,4,,0
902019,'1497387',650,,1625,1,,,0,80,,1625,33,0,14 15,0,20,,1625,36,4,,0
902019,'1497388',750,,1626,1,,,0,80,,1626,33,0,14 15,0,20,,1626,36,4,,0
902019,'1497389',850,,1627,1,,,0,80,,1627,33,0,14 15,0,20,,1627,36,4,,0
902019,'1497390',950,,1628,1,,,0,80,,1628,33,0,14 15,0,20,,1628,36,4,,0
902019,'1497391',1050,,1629,1,,,0,80,,1629,33,0,14 15,0,20,,1629,36,4,,0
902019,'1497392',1150,,1630,1,,,0,80,,1630,33,0,14 15,0,20,,1630,36,4,,0
902019,'1497393',1250,,1631,1,,,0,80,,1631,33,0,14 15,0,20,,1631,36,4,,0
902019,'1497394',1350,,1632,1,,,0,80,,1632,33,0,14 15,0,20,,1632,36,4,,0
902019,'1497395',1450,,1633,1,,,0,80,,1633,33,0,14 15,0,20,,1633,36,4,,0
902019,'1497396',1550,,1634,1,,,0,80,,1634,33,0,14 15,0,20,,1634,36,4,,0
902019,'1497397',1650,,1635,1,,,0,80,,1635,33,0,14 15,0,20,,1635,36,4,,0
