20019,'1487191',638,,1001,10,,,0
20019,'1487192',718,,1002,10,,,0
20019,'1487193',758,,1003,10,,,0
20019,'1487194',838,,1004,10,,,0
20019,'1487195',918,,1005,10,,,0
20019,'1487196',958,,1006,10,,,0
20019,'1487197',1038,,1007,10,,,0
20019,'1487198',1118,,1008,10,,,0
20019,'1487199',1158,,1009,10,,,0
20019,'1487200',1238,,1010,10,,,0
20019,'1487201',1318,,1011,10,,,0
20019,'1487202',1358,,1012,10,,,0
20019,'1487203',1438,,1013,10,,,0
20019,'1487204',1518,,1014,10,,,0
20019,'1487205',1558,,1015,10,,,0
20019,'1487206',1638,,1016,10,,,0
20019,'1487207',1718,,1017,10,,,0
20019,'1487208',1758,,1018,10,,,0
20019,'1487209',1838,,1019,10,,,0
20019,'1487210',1918,,1020,10,,,0
20019,'1487211',1958,,1021,10,,,0
20019,'1487212',2038,,1022,10,,,0
20019,'1487213',2118,,1023,10,,,0
20019,'1487214',2158,,1024,10,,,0
20019,'1492422',638,,1249,9,,,0
20019,'1492423',718,,1250,9,,,0
20019,'1492424',758,,1251,9,,,0
20019,'1492425',838,,1252,9,,,0
20019,'1492426',918,,1253,9,,,0
20019,'1492427',958,,1254,9,,,0
20019,'1492428',1038,,1255,9,,,0
20019,'1492429',1118,,1256,9,,,0
20019,'1492430',1158,,1257,9,,,0
20019,'1492431',1238,,1258,9,,,0
20019,'1492432',1318,,1259,9,,,0
20019,'1492433',1358,,1260,9,,,0
20019,'1492434',1438,,1261,9,,,0
20019,'1492435',1518,,1262,9,,,0
20019,'1492436',1558,,1263,9,,,0
20019,'1492437',1638,,1264,9,,,0
20019,'1492438',1718,,1265,9,,,0
20019,'1492439',1758,,1266,9,,,0
20019,'1492440',758,,1267,9,,,0
20019,'1492441',838,,1268,9,,,0
20019,'1492442',918,,1269,9,,,0
20019,'1492443',958,,1270,9,,,0
20019,'1492444',1038,,1271,9,,,0
20019,'1492445',1118,,1272,9,,,0
20019,'1492446',1158,,1273,9,,,0
20019,'1492447',1238,,1274,9,,,0
20019,'1492448',1318,,1275,9,,,0
20019,'1492449',1358,,1276,9,,,0
20019,'1492450',1438,,1277,9,,,0
20019,'1492451',1518,,1278,9,,,0
20019,'1492452',1558,,1279,9,,,0
20019,'1492453',1638,,1280,9,,,0
20019,'1492454',1718,,1281,9,,,0
20019,'1492455',1758,,1282,9,,,0
20019,'1496039',1838,,1283,9,,,0
20019,'1496040',1918,,1284,9,,,0
20019,'1496041',1958,,1285,9,,,0
20019,'1496042',2038,,1286,9,,,0
20019,'1496043',2118,,1287,9,,,0
20019,'1496044',2158,,1288,9,,,0
20019,'1496045',1838,,1289,9,,,0
20019,'1496046',1918,,1290,9,,,0
20019,'1496047',1958,,1291,9,,,0
20019,'1496048',2038,,1292,9,,,0
20019,'1496049',2118,,1293,9,,,0
20019,'1496050',2158,,1294,9,,,0
6809,'1482171',755,,1069,13,,,0
6809,'1482172',825,,1070,13,,,0
6809,'1482174',1457,,1072,13,,,0
6809,'1482175',1525,,1073,13,,,0
