20019,'1497182',635,,1459,5,,,0
20019,'1497183',715,,1460,5,,,0
20019,'1497184',755,,1461,5,,,0
20019,'1497185',835,,1462,5,,,0
20019,'1497186',915,,1463,5,,,0
20019,'1497187',955,,1464,5,,,0
20019,'1497188',1035,,1465,5,,,0
20019,'1497189',1115,,1466,5,,,0
20019,'1497190',1155,,1467,5,,,0
20019,'1497191',1235,,1468,5,,,0
20019,'1497192',1315,,1469,5,,,0
20019,'1497193',1355,,1470,5,,,0
20019,'1497194',1435,,1471,5,,,0
20019,'1497195',1515,,1472,5,,,0
20019,'1497196',1555,,1473,5,,,0
20019,'1497197',1635,,1474,5,,,0
20019,'1497198',1715,,1475,5,,,0
20019,'1497199',1755,,1476,5,,,0
20019,'1497200',1835,,1477,5,,,0
20019,'1497201',1915,,1478,5,,,0
20019,'1497202',1955,,1479,5,,,0
20019,'1497203',2035,,1480,5,,,0
20019,'1497204',2115,,1481,5,,,0
20019,'1497205',2155,,1482,5,,,0
20019,'1497206',755,,1483,5,,,0
20019,'1497207',835,,1484,5,,,0
20019,'1497208',915,,1485,5,,,0
20019,'1497209',955,,1486,5,,,0
20019,'1497210',1035,,1487,5,,,0
20019,'1497211',1115,,1488,5,,,0
20019,'1497212',1155,,1489,5,,,0
20019,'1497213',1235,,1490,5,,,0
20019,'1497214',1315,,1491,5,,,0
20019,'1497215',1355,,1492,5,,,0
20019,'1497216',1435,,1493,5,,,0
20019,'1497217',1515,,1494,5,,,0
20019,'1497218',1555,,1495,5,,,0
20019,'1497219',1635,,1496,5,,,0
20019,'1497220',1715,,1497,5,,,0
20019,'1497221',1755,,1498,5,,,0
20019,'1497222',1835,,1499,5,,,0
20019,'1497223',1915,,1500,5,,,0
20019,'1497224',1955,,1501,5,,,0
20019,'1497225',2035,,1502,5,,,0
20019,'1497226',2115,,1503,5,,,0
20019,'1497227',2155,,1504,5,,,0
