19019,'1489098',641,,1214,10,,,0
19019,'1489099',721,,1215,10,,,0
19019,'1489100',801,,1216,10,,,0
19019,'1489101',841,,1217,10,,,0
19019,'1489102',921,,1218,10,,,0
19019,'1489103',1001,,1219,10,,,0
19019,'1489104',1041,,1220,10,,,0
19019,'1489105',1121,,1221,10,,,0
19019,'1489106',1201,,1222,10,,,0
19019,'1489107',1241,,1223,10,,,0
19019,'1489108',1321,,1224,10,,,0
19019,'1489109',1401,,1225,10,,,0
19019,'1489110',1441,,1226,10,,,0
19019,'1489111',1521,,1227,10,,,0
19019,'1489112',1601,,1228,10,,,0
19019,'1489113',1641,,1229,10,,,0
19019,'1489114',1721,,1230,10,,,0
19019,'1489115',1801,,1231,10,,,0
19019,'1489116',701,,1232,10,,,0
19019,'1489117',741,,1233,10,,,0
19019,'1489118',821,,1234,10,,,0
19019,'1489119',901,,1235,10,,,0
19019,'1489120',941,,1236,10,,,0
19019,'1489121',1021,,1237,10,,,0
19019,'1489122',1101,,1238,10,,,0
19019,'1489123',1141,,1239,10,,,0
19019,'1489124',1221,,1240,10,,,0
19019,'1489125',1301,,1241,10,,,0
19019,'1489126',1341,,1242,10,,,0
19019,'1489127',1421,,1243,10,,,0
19019,'1489128',1501,,1244,10,,,0
19019,'1489129',1541,,1245,10,,,0
19019,'1489130',1621,,1246,10,,,0
19019,'1489131',1701,,1247,10,,,0
19019,'1489132',1741,,1248,10,,,0
901019,'1490032',841,,1584,42,0,16 17,0
901019,'1490033',1001,,1585,42,0,16 17,0
901019,'1490034',1121,,1586,42,0,16 17,0
901019,'1490035',1241,,1587,42,0,16 17,0
901019,'1490036',1401,,1588,42,0,16 17,0
901019,'1490037',1521,,1589,42,0,16 17,0
901019,'1490038',1641,,1590,42,0,16 17,0
901019,'1490039',1801,,1591,42,0,16 17,0
901019,'1490040',1921,,1592,42,0,16 17,0
901019,'1490041',2041,,1593,42,0,16 17,0
901019,'1490042',2201,,1594,42,0,16 17,0
901019,'1497384',1921,,1607,42,0,16 17,0
901019,'1497385',2041,,1608,42,0,16 17,0
901019,'1497386',2201,,1609,42,0,16 17,0
902019,'1490054',1841,,1610,10,0,16 17,0
902019,'1490055',2001,,1611,10,0,16 17,0
902019,'1490056',2121,,1612,10,0,16 17,0
902019,'1490057',801,,1613,10,0,16 17,0
902019,'1490058',921,,1614,10,0,16 17,0
902019,'1490059',1041,,1615,10,0,16 17,0
902019,'1490060',1201,,1616,10,0,16 17,0
902019,'1490061',1321,,1617,10,0,16 17,0
902019,'1490062',1441,,1618,10,0,16 17,0
902019,'1490063',1601,,1619,10,0,16 17,0
902019,'1490064',1721,,1620,10,0,16 17,0
902019,'1490065',1841,,1621,10,0,16 17,0
902019,'1490066',2001,,1622,10,0,16 17,0
902019,'1490067',2121,,1623,10,0,16 17,0
