7019,'1489971',710,,113,33,0,7,0
7019,'1489972',750,,114,33,0,7,0
7019,'1489973',830,,115,33,0,7,0
7019,'1489974',910,,116,33,0,7,0
7019,'1489975',950,,117,33,0,7,0
7019,'1489976',1030,,118,33,0,7,0
7019,'1489977',1110,,917,33,0,7,0
7019,'1489978',1150,,918,33,0,7,0
7019,'1489979',1230,,919,33,0,7,0
7019,'1489980',1310,,920,33,0,7,0
7019,'1489981',1350,,921,33,0,7,0
7019,'1489982',1430,,922,33,0,7,0
7019,'1489983',1510,,119,33,0,7,0
7019,'1489984',1550,,120,33,0,7,0
7019,'1489985',1630,,121,33,0,7,0
7019,'1489986',1710,,122,33,0,7,0
7019,'1489987',1750,,123,33,0,7,0
7019,'1489988',1830,,124,33,0,7,0
7019,'1489989',1910,,923,33,0,7,0
7019,'1489990',1950,,924,33,0,7,0
7019,'1489991',2030,,925,33,0,7,0
7019,'1489992',2110,,926,33,0,7,0
7019,'1489993',2150,,927,33,0,7,0
7019,'1489994',2230,,928,33,0,7,0
7019,'1489995',830,,125,33,0,7,0
7019,'1489996',910,,126,33,0,7,0
7019,'1489997',950,,127,33,0,7,0
7019,'1489998',1030,,128,33,0,7,0
7019,'1489999',1110,,129,33,0,7,0
7019,'1490000',1150,,130,33,0,7,0
7019,'1490001',1230,,131,33,0,7,0
7019,'1490002',1310,,132,33,0,7,0
7019,'1490003',1350,,133,33,0,7,0
7019,'1490004',1430,,134,33,0,7,0
7019,'1490005',1510,,135,33,0,7,0
7019,'1490006',1550,,136,33,0,7,0
7019,'1490007',1630,,137,33,0,7,0
7019,'1490008',1710,,138,33,0,7,0
7019,'1490009',1750,,139,33,0,7,0
7019,'1490010',1830,,140,33,0,7,0
7019,'1490011',1910,,929,33,0,7,0
7019,'1490012',1950,,930,33,0,7,0
7019,'1490013',2030,,931,33,0,7,0
7019,'1490014',2110,,932,33,0,7,0
7019,'1490015',2150,,933,33,0,7,0
7019,'1490016',2230,,934,33,0,7,0
