14019,'1494878',658,,793,24,,,0
14019,'1494879',738,,794,24,,,0
14019,'1494880',818,,795,24,,,0
14019,'1494881',858,,796,24,,,0
14019,'1494882',938,,797,24,,,0
14019,'1494883',1018,,798,24,,,0
14019,'1494884',1058,,799,24,,,0
14019,'1494885',1138,,800,24,,,0
14019,'1494886',1218,,801,24,,,0
14019,'1494887',1258,,802,24,,,0
14019,'1494888',1338,,803,24,,,0
14019,'1494889',1418,,804,24,,,0
14019,'1494890',1458,,805,24,,,0
14019,'1494891',1538,,806,24,,,0
14019,'1494892',1618,,807,24,,,0
14019,'1494893',1658,,808,24,,,0
14019,'1494894',1738,,809,24,,,0
14019,'1494895',1818,,810,24,,,0
14019,'1494896',1858,,811,24,,,0
14019,'1494897',1938,,812,24,,,0
14019,'1494898',2018,,813,24,,,0
14019,'1494899',2058,,814,24,,,0
14019,'1494900',2138,,815,24,,,0
14019,'1494901',2218,,816,24,,,0
14019,'1494902',818,,817,24,,,0
14019,'1494903',858,,818,24,,,0
14019,'1494904',938,,819,24,,,0
14019,'1494905',1018,,820,24,,,0
14019,'1494906',1058,,821,24,,,0
14019,'1494907',1138,,822,24,,,0
14019,'1494908',1218,,823,24,,,0
14019,'1494909',1258,,824,24,,,0
14019,'1494910',1338,,825,24,,,0
14019,'1494911',1418,,826,24,,,0
14019,'1494912',1458,,827,24,,,0
14019,'1494913',1538,,828,24,,,0
14019,'1494914',1618,,829,24,,,0
14019,'1494915',1658,,830,24,,,0
14019,'1494916',1738,,831,24,,,0
14019,'1494917',1818,,832,24,,,0
14019,'1494918',1858,,833,24,,,0
14019,'1494919',1938,,834,24,,,0
14019,'1494920',2018,,835,24,,,0
14019,'1494921',2058,,836,24,,,0
14019,'1494922',2138,,837,24,,,0
14019,'1494923',2218,,838,24,,,0
15019,'1492887',1916,,1660,51,,,0
15019,'1492888',2016,,1661,51,,,0
15019,'1492889',2116,,1662,51,,,0
15019,'1492890',2216,,1663,51,,,0
15019,'1495961',716,,1664,51,,,0
15019,'1495962',816,,1665,51,,,0
15019,'1495963',916,,1666,51,,,0
15019,'1495964',1016,,1667,51,,,0
15019,'1495965',1116,,1668,51,,,0
15019,'1495966',1216,,1669,51,,,0
15019,'1495967',1316,,1670,51,,,0
15019,'1495968',1416,,1671,51,,,0
15019,'1495969',1516,,1672,51,,,0
15019,'1495970',1616,,1673,51,,,0
15019,'1495971',1716,,1674,51,,,0
15019,'1495972',1816,,1675,51,,,0
15019,'1497631',716,,1676,51,,,0
15019,'1497632',816,,1677,51,,,0
15019,'1497633',916,,1678,51,,,0
15019,'1497634',1016,,1679,51,,,0
15019,'1497635',1116,,1680,51,,,0
15019,'1497636',1216,,1681,51,,,0
15019,'1497637',1316,,1682,51,,,0
15019,'1497638',1416,,1683,51,,,0
15019,'1497639',1516,,1684,51,,,0
15019,'1497640',1616,,1685,51,,,0
15019,'1497641',1716,,1686,51,,,0
15019,'1497642',1816,,1687,51,,,0
15019,'1497643',1916,,1688,51,,,0
15019,'1497644',2016,,1689,51,,,0
15019,'1497645',2116,,1690,51,,,0
15019,'1497646',2216,,1691,51,,,0
15019,'1497647',916,,1692,51,,,0
15019,'1497648',1016,,1693,51,,,0
15019,'1497649',1116,,1694,51,,,0
15019,'1497650',1216,,1695,51,,,0
15019,'1497651',1316,,1696,51,,,0
15019,'1497652',1416,,1697,51,,,0
15019,'1497653',1516,,1698,51,,,0
15019,'1497654',1616,,1699,51,,,0
15019,'1497655',1716,,1700,51,,,0
15019,'1497656',1816,,1701,51,,,0
15019,'1497657',1916,,1702,51,,,0
15019,'1497658',2016,,1703,51,,,0
15019,'1497659',2116,,1704,51,,,0
15019,'1497660',2216,,1705,51,,,0
