19019,'1489098',700,,1214,22,,,0
19019,'1489099',740,,1215,22,,,0
19019,'1489100',820,,1216,22,,,0
19019,'1489101',900,,1217,22,,,0
19019,'1489102',940,,1218,22,,,0
19019,'1489103',1020,,1219,22,,,0
19019,'1489104',1100,,1220,22,,,0
19019,'1489105',1140,,1221,22,,,0
19019,'1489106',1220,,1222,22,,,0
19019,'1489107',1300,,1223,22,,,0
19019,'1489108',1340,,1224,22,,,0
19019,'1489109',1420,,1225,22,,,0
19019,'1489110',1500,,1226,22,,,0
19019,'1489111',1540,,1227,22,,,0
19019,'1489112',1620,,1228,22,,,0
19019,'1489113',1700,,1229,22,,,0
19019,'1489114',1740,,1230,22,,,0
19019,'1489115',1820,,1231,22,,,0
19019,'1489116',720,,1232,22,,,0
19019,'1489117',800,,1233,22,,,0
19019,'1489118',840,,1234,22,,,0
19019,'1489119',920,,1235,22,,,0
19019,'1489120',1000,,1236,22,,,0
19019,'1489121',1040,,1237,22,,,0
19019,'1489122',1120,,1238,22,,,0
19019,'1489123',1200,,1239,22,,,0
19019,'1489124',1240,,1240,22,,,0
19019,'1489125',1320,,1241,22,,,0
19019,'1489126',1400,,1242,22,,,0
19019,'1489127',1440,,1243,22,,,0
19019,'1489128',1520,,1244,22,,,0
19019,'1489129',1600,,1245,22,,,0
19019,'1489130',1640,,1246,22,,,0
19019,'1489131',1720,,1247,22,,,0
19019,'1489132',1800,,1248,22,,,0
901019,'1490032',900,,1584,53,0,16 17,0
901019,'1490033',1020,,1585,53,0,16 17,0
901019,'1490034',1140,,1586,53,0,16 17,0
901019,'1490035',1300,,1587,53,0,16 17,0
901019,'1490036',1420,,1588,53,0,16 17,0
901019,'1490037',1540,,1589,53,0,16 17,0
901019,'1490038',1700,,1590,53,0,16 17,0
901019,'1490039',1820,,1591,53,0,16 17,0
901019,'1490040',1940,,1592,53,0,16 17,0
901019,'1490041',2100,,1593,53,0,16 17,0
901019,'1490042',2220,,1594,53,0,16 17,0
901019,'1497384',1940,,1607,53,0,16 17,0
901019,'1497385',2100,,1608,53,0,16 17,0
901019,'1497386',2220,,1609,53,0,16 17,0
902019,'1490054',1900,,1610,21,0,16 17,0
902019,'1490055',2020,,1611,21,0,16 17,0
902019,'1490056',2140,,1612,21,0,16 17,0
902019,'1490057',820,,1613,21,0,16 17,0
902019,'1490058',940,,1614,21,0,16 17,0
902019,'1490059',1100,,1615,21,0,16 17,0
902019,'1490060',1220,,1616,21,0,16 17,0
902019,'1490061',1340,,1617,21,0,16 17,0
902019,'1490062',1500,,1618,21,0,16 17,0
902019,'1490063',1620,,1619,21,0,16 17,0
902019,'1490064',1740,,1620,21,0,16 17,0
902019,'1490065',1900,,1621,21,0,16 17,0
902019,'1490066',2020,,1622,21,0,16 17,0
902019,'1490067',2140,,1623,21,0,16 17,0
