1019,'1482680',823,,3,30,0,11,0
1019,'1482681',903,,4,30,0,11,0
1019,'1482682',943,,5,30,0,11,0
1019,'1482683',1023,,6,30,0,11,0
1019,'1482684',1103,,7,30,0,11,0
1019,'1482685',1143,,8,30,0,11,0
1019,'1482686',1223,,9,30,0,11,0
1019,'1482687',1303,,10,30,0,11,0
1019,'1482688',1343,,11,30,0,11,0
1019,'1482689',1423,,12,30,0,11,0
1019,'1482690',1503,,13,30,0,11,0
1019,'1482691',1543,,14,30,0,11,0
1019,'1482692',1623,,15,30,0,11,0
1019,'1482693',1703,,16,30,0,11,0
1019,'1482694',1743,,17,30,0,11,0
1019,'1482695',1823,,18,30,0,11,0
1019,'1482696',1903,,19,30,0,11,0
1019,'1482697',1943,,20,30,0,11,0
1019,'1482698',2023,,21,30,0,11,0
1019,'1482699',2103,,22,30,0,11,0
1019,'1482700',2143,,23,30,0,11,0
1019,'1482701',2223,,24,30,0,11,0
1019,'1485865',700,,26,33,0,11,0
1019,'1485866',740,,27,33,0,11,0
1019,'1485867',820,,28,33,0,11,0
1019,'1485868',900,,29,33,0,11,0
1019,'1485869',940,,30,33,0,11,0
1019,'1485870',1020,,31,33,0,11,0
1019,'1485871',1100,,32,33,0,11,0
1019,'1485872',1140,,33,33,0,11,0
1019,'1485873',1220,,34,33,0,11,0
1019,'1485874',1300,,35,33,0,11,0
1019,'1485875',1340,,36,33,0,11,0
1019,'1485876',1420,,37,33,0,11,0
1019,'1485877',1500,,38,33,0,11,0
1019,'1485878',1540,,39,33,0,11,0
1019,'1485879',1620,,40,33,0,11,0
1019,'1485880',1700,,41,33,0,11,0
1019,'1485881',1740,,42,33,0,11,0
1019,'1485882',1820,,43,33,0,11,0
1019,'1485883',819,,869,33,0,11,0
1019,'1485884',859,,870,33,0,11,0
1019,'1485885',939,,871,33,0,11,0
1019,'1485886',1019,,872,33,0,11,0
1019,'1485887',1059,,873,33,0,11,0
1019,'1485888',1139,,874,33,0,11,0
1019,'1485889',1219,,875,33,0,11,0
1019,'1485890',1259,,876,33,0,11,0
1019,'1485891',1339,,877,33,0,11,0
1019,'1485892',1419,,878,33,0,11,0
1019,'1485893',1459,,879,33,0,11,0
1019,'1485894',1539,,880,33,0,11,0
1019,'1485895',1619,,881,33,0,11,0
1019,'1485896',1659,,882,33,0,11,0
1019,'1485897',1739,,883,33,0,11,0
1019,'1485898',1819,,884,33,0,11,0
