7019,'1489971',715,,113,39,0,7,0
7019,'1489972',755,,114,39,0,7,0
7019,'1489973',835,,115,39,0,7,0
7019,'1489974',915,,116,39,0,7,0
7019,'1489975',955,,117,39,0,7,0
7019,'1489976',1035,,118,39,0,7,0
7019,'1489977',1115,,917,39,0,7,0
7019,'1489978',1155,,918,39,0,7,0
7019,'1489979',1235,,919,39,0,7,0
7019,'1489980',1315,,920,39,0,7,0
7019,'1489981',1355,,921,39,0,7,0
7019,'1489982',1435,,922,39,0,7,0
7019,'1489983',1515,,119,39,0,7,0
7019,'1489984',1555,,120,39,0,7,0
7019,'1489985',1635,,121,39,0,7,0
7019,'1489986',1715,,122,39,0,7,0
7019,'1489987',1755,,123,39,0,7,0
7019,'1489988',1835,,124,39,0,7,0
7019,'1489989',1915,,923,39,0,7,0
7019,'1489990',1955,,924,39,0,7,0
7019,'1489991',2035,,925,39,0,7,0
7019,'1489992',2115,,926,39,0,7,0
7019,'1489993',2155,,927,39,0,7,0
7019,'1489994',2235,,928,39,0,7,0
7019,'1489995',835,,125,39,0,7,0
7019,'1489996',915,,126,39,0,7,0
7019,'1489997',955,,127,39,0,7,0
7019,'1489998',1035,,128,39,0,7,0
7019,'1489999',1115,,129,39,0,7,0
7019,'1490000',1155,,130,39,0,7,0
7019,'1490001',1235,,131,39,0,7,0
7019,'1490002',1315,,132,39,0,7,0
7019,'1490003',1355,,133,39,0,7,0
7019,'1490004',1435,,134,39,0,7,0
7019,'1490005',1515,,135,39,0,7,0
7019,'1490006',1555,,136,39,0,7,0
7019,'1490007',1635,,137,39,0,7,0
7019,'1490008',1715,,138,39,0,7,0
7019,'1490009',1755,,139,39,0,7,0
7019,'1490010',1835,,140,39,0,7,0
7019,'1490011',1915,,929,39,0,7,0
7019,'1490012',1955,,930,39,0,7,0
7019,'1490013',2035,,931,39,0,7,0
7019,'1490014',2115,,932,39,0,7,0
7019,'1490015',2155,,933,39,0,7,0
7019,'1490016',2235,,934,39,0,7,0
12019,'1488124',736,,1637,31,0,12 13,0
12019,'1488125',836,,1638,31,0,12 13,0
12019,'1488126',936,,1639,31,0,12 13,0
12019,'1488127',1036,,1640,31,0,12 13,0
12019,'1488128',1136,,1641,31,0,12 13,0
12019,'1488129',1236,,1642,31,0,12 13,0
12019,'1488130',1336,,1643,31,0,12 13,0
12019,'1488131',1436,,1644,31,0,12 13,0
12019,'1488132',1536,,1645,31,0,12 13,0
12019,'1488133',1636,,1646,31,0,12 13,0
12019,'1488134',1736,,1647,31,0,12 13,0
12019,'1488135',1836,,1648,31,0,12 13,0
12019,'1488136',836,,1649,31,0,12 13,0
12019,'1488137',936,,1650,31,0,12 13,0
12019,'1488138',1036,,1651,31,0,12 13,0
12019,'1488139',1136,,1652,31,0,12 13,0
12019,'1488140',1236,,1653,31,0,12 13,0
12019,'1488141',1336,,1654,31,0,12 13,0
12019,'1488142',1436,,1655,31,0,12 13,0
12019,'1488143',1536,,1656,31,0,12 13,0
12019,'1488144',1636,,1657,31,0,12 13,0
12019,'1488145',1736,,1658,31,0,12 13,0
12019,'1488146',1836,,1659,31,0,12 13,0
