93019,'1496012',726,,1295,17,,,0
93019,'1496013',826,,1296,17,,,0
93019,'1496014',926,,1297,17,,,0
93019,'1496015',1026,,1298,17,,,0
93019,'1496016',1126,,1299,17,,,0
93019,'1496017',1226,,1300,17,,,0
93019,'1496018',1326,,1301,17,,,0
93019,'1496019',1426,,1302,17,,,0
93019,'1496020',1526,,1303,17,,,0
93019,'1496021',1626,,1304,17,,,0
93019,'1496022',1726,,1305,17,,,0
901019,'1490032',806,,1584,17,0,6,0
901019,'1490033',926,,1585,17,0,6,0
901019,'1490034',1046,,1586,17,0,6,0
901019,'1490035',1206,,1587,17,0,6,0
901019,'1490036',1326,,1588,17,0,6,0
901019,'1490037',1446,,1589,17,0,6,0
901019,'1490038',1606,,1590,17,0,6,0
901019,'1490039',1726,,1591,17,0,6,0
901019,'1490040',1846,,1592,17,0,6,0
901019,'1490041',2006,,1593,17,0,6,0
901019,'1490042',2126,,1594,17,0,6,0
901019,'1497372',646,,1595,17,0,6,0
901019,'1497373',746,,1596,17,0,6,0
901019,'1497374',846,,1597,17,0,6,0
901019,'1497375',946,,1598,17,0,6,0
901019,'1497376',1046,,1599,17,0,6,0
901019,'1497377',1146,,1600,17,0,6,0
901019,'1497378',1246,,1601,17,0,6,0
901019,'1497379',1346,,1602,17,0,6,0
901019,'1497380',1446,,1603,17,0,6,0
901019,'1497381',1546,,1604,17,0,6,0
901019,'1497382',1646,,1605,17,0,6,0
901019,'1497383',1746,,1606,17,0,6,0
901019,'1497384',1846,,1607,17,0,6,0
901019,'1497385',2006,,1608,17,0,6,0
901019,'1497386',2126,,1609,17,0,6,0
902019,'1490054',1926,,1610,43,0,6,0
902019,'1490055',2046,,1611,43,0,6,0
902019,'1490056',2206,,1612,43,0,6,0
902019,'1490057',846,,1613,43,0,6,0
902019,'1490058',1006,,1614,43,0,6,0
902019,'1490059',1126,,1615,43,0,6,0
902019,'1490060',1246,,1616,43,0,6,0
902019,'1490061',1406,,1617,43,0,6,0
902019,'1490062',1526,,1618,43,0,6,0
902019,'1490063',1646,,1619,43,0,6,0
902019,'1490064',1806,,1620,43,0,6,0
902019,'1490065',1926,,1621,43,0,6,0
902019,'1490066',2046,,1622,43,0,6,0
902019,'1490067',2206,,1623,43,0,6,0
902019,'1490068',1806,,1624,17,0,6,0
902019,'1497387',706,,1625,17,0,6,0
902019,'1497388',806,,1626,17,0,6,0
902019,'1497389',906,,1627,17,0,6,0
902019,'1497390',1006,,1628,17,0,6,0
902019,'1497391',1106,,1629,17,0,6,0
902019,'1497392',1206,,1630,17,0,6,0
902019,'1497393',1306,,1631,17,0,6,0
902019,'1497394',1406,,1632,17,0,6,0
902019,'1497395',1506,,1633,17,0,6,0
902019,'1497396',1606,,1634,17,0,6,0
902019,'1497397',1706,,1635,17,0,6,0
