1019,'1485865',639,,26,8,0,11,0
1019,'1485866',719,,27,8,0,11,0
1019,'1485867',759,,28,8,0,11,0
1019,'1485868',839,,29,8,0,11,0
1019,'1485869',919,,30,8,0,11,0
1019,'1485870',959,,31,8,0,11,0
1019,'1485871',1039,,32,8,0,11,0
1019,'1485872',1119,,33,8,0,11,0
1019,'1485873',1159,,34,8,0,11,0
1019,'1485874',1239,,35,8,0,11,0
1019,'1485875',1319,,36,8,0,11,0
1019,'1485876',1359,,37,8,0,11,0
1019,'1485877',1439,,38,8,0,11,0
1019,'1485878',1519,,39,8,0,11,0
1019,'1485879',1559,,40,8,0,11,0
1019,'1485880',1639,,41,8,0,11,0
1019,'1485881',1719,,42,8,0,11,0
1019,'1485882',1759,,43,8,0,11,0
1019,'1485883',759,,869,8,0,11,0
1019,'1485884',839,,870,8,0,11,0
1019,'1485885',919,,871,8,0,11,0
1019,'1485886',959,,872,8,0,11,0
1019,'1485887',1039,,873,8,0,11,0
1019,'1485888',1119,,874,8,0,11,0
1019,'1485889',1159,,875,8,0,11,0
1019,'1485890',1239,,876,8,0,11,0
1019,'1485891',1319,,877,8,0,11,0
1019,'1485892',1359,,878,8,0,11,0
1019,'1485893',1439,,879,8,0,11,0
1019,'1485894',1519,,880,8,0,11,0
1019,'1485895',1559,,881,8,0,11,0
1019,'1485896',1639,,882,8,0,11,0
1019,'1485897',1719,,883,8,0,11,0
1019,'1485898',1759,,884,8,0,11,0
3019,'1486996',820,,1149,31,,,0
3019,'1486997',900,,1150,31,,,0
3019,'1486998',940,,1151,31,,,0
3019,'1486999',1020,,1152,31,,,0
3019,'1487000',1100,,1153,31,,,0
3019,'1487001',1140,,1154,31,,,0
3019,'1487002',1220,,1155,31,,,0
3019,'1487003',1300,,1156,31,,,0
3019,'1487004',1340,,1157,31,,,0
3019,'1487005',1420,,1158,31,,,0
3019,'1487006',1500,,1159,31,,,0
3019,'1487007',1540,,1160,31,,,0
3019,'1487008',1620,,1161,31,,,0
3019,'1487009',1700,,1162,31,,,0
3019,'1494946',732,,916,3,,,0
10019,'1483448',638,,161,3,0,5,0
10019,'1483449',1518,,162,3,0,5,0
