12019,'1490514',714,,1540,7,0,12 13,0
12019,'1490515',814,,1541,7,0,12 13,0
12019,'1490516',914,,1542,7,0,12 13,0
12019,'1490517',1014,,1543,7,0,12 13,0
12019,'1490518',1114,,1544,7,0,12 13,0
12019,'1490519',1214,,1545,7,0,12 13,0
12019,'1490520',1314,,1546,7,0,12 13,0
12019,'1490521',1414,,1547,7,0,12 13,0
12019,'1490522',1514,,1548,7,0,12 13,0
12019,'1490523',1614,,1549,7,0,12 13,0
12019,'1490524',1714,,1550,7,0,12 13,0
12019,'1490525',1814,,1551,7,0,12 13,0
12019,'1490526',814,,1552,7,0,12 13,0
12019,'1490527',914,,1553,7,0,12 13,0
12019,'1490528',1014,,1554,7,0,12 13,0
12019,'1490529',1114,,1555,7,0,12 13,0
12019,'1490530',1214,,1556,7,0,12 13,0
12019,'1490531',1314,,1557,7,0,12 13,0
12019,'1490532',1414,,1558,7,0,12 13,0
12019,'1490533',1514,,1559,7,0,12 13,0
12019,'1490534',1614,,1560,7,0,12 13,0
12019,'1490535',1714,,1561,7,0,12 13,0
12019,'1490536',1814,,1562,7,0,12 13,0
