15019,'1492887',1901,,1660,37,,,0
15019,'1492888',2001,,1661,37,,,0
15019,'1492889',2101,,1662,37,,,0
15019,'1492890',2201,,1663,37,,,0
15019,'1495961',701,,1664,37,,,0
15019,'1495962',801,,1665,37,,,0
15019,'1495963',901,,1666,37,,,0
15019,'1495964',1001,,1667,37,,,0
15019,'1495965',1101,,1668,37,,,0
15019,'1495966',1201,,1669,37,,,0
15019,'1495967',1301,,1670,37,,,0
15019,'1495968',1401,,1671,37,,,0
15019,'1495969',1501,,1672,37,,,0
15019,'1495970',1601,,1673,37,,,0
15019,'1495971',1701,,1674,37,,,0
15019,'1495972',1801,,1675,37,,,0
15019,'1497631',701,,1676,37,,,0
15019,'1497632',801,,1677,37,,,0
15019,'1497633',901,,1678,37,,,0
15019,'1497634',1001,,1679,37,,,0
15019,'1497635',1101,,1680,37,,,0
15019,'1497636',1201,,1681,37,,,0
15019,'1497637',1301,,1682,37,,,0
15019,'1497638',1401,,1683,37,,,0
15019,'1497639',1501,,1684,37,,,0
15019,'1497640',1601,,1685,37,,,0
15019,'1497641',1701,,1686,37,,,0
15019,'1497642',1801,,1687,37,,,0
15019,'1497643',1901,,1688,37,,,0
15019,'1497644',2001,,1689,37,,,0
15019,'1497645',2101,,1690,37,,,0
15019,'1497646',2201,,1691,37,,,0
15019,'1497647',901,,1692,37,,,0
15019,'1497648',1001,,1693,37,,,0
15019,'1497649',1101,,1694,37,,,0
15019,'1497650',1201,,1695,37,,,0
15019,'1497651',1301,,1696,37,,,0
15019,'1497652',1401,,1697,37,,,0
15019,'1497653',1501,,1698,37,,,0
15019,'1497654',1601,,1699,37,,,0
15019,'1497655',1701,,1700,37,,,0
15019,'1497656',1801,,1701,37,,,0
15019,'1497657',1901,,1702,37,,,0
15019,'1497658',2001,,1703,37,,,0
15019,'1497659',2101,,1704,37,,,0
15019,'1497660',2201,,1705,37,,,0
