20019,'1497182',656,,1459,24,,,0
20019,'1497183',736,,1460,24,,,0
20019,'1497184',816,,1461,24,,,0
20019,'1497185',856,,1462,24,,,0
20019,'1497186',936,,1463,24,,,0
20019,'1497187',1016,,1464,24,,,0
20019,'1497188',1056,,1465,24,,,0
20019,'1497189',1136,,1466,24,,,0
20019,'1497190',1216,,1467,24,,,0
20019,'1497191',1256,,1468,24,,,0
20019,'1497192',1336,,1469,24,,,0
20019,'1497193',1416,,1470,24,,,0
20019,'1497194',1456,,1471,24,,,0
20019,'1497195',1536,,1472,24,,,0
20019,'1497196',1616,,1473,24,,,0
20019,'1497197',1656,,1474,24,,,0
20019,'1497198',1736,,1475,24,,,0
20019,'1497199',1816,,1476,24,,,0
20019,'1497200',1856,,1477,24,,,0
20019,'1497201',1936,,1478,24,,,0
20019,'1497202',2016,,1479,24,,,0
20019,'1497203',2056,,1480,24,,,0
20019,'1497204',2136,,1481,24,,,0
20019,'1497205',2216,,1482,24,,,0
20019,'1497206',816,,1483,24,,,0
20019,'1497207',856,,1484,24,,,0
20019,'1497208',936,,1485,24,,,0
20019,'1497209',1016,,1486,24,,,0
20019,'1497210',1056,,1487,24,,,0
20019,'1497211',1136,,1488,24,,,0
20019,'1497212',1216,,1489,24,,,0
20019,'1497213',1256,,1490,24,,,0
20019,'1497214',1336,,1491,24,,,0
20019,'1497215',1416,,1492,24,,,0
20019,'1497216',1456,,1493,24,,,0
20019,'1497217',1536,,1494,24,,,0
20019,'1497218',1616,,1495,24,,,0
20019,'1497219',1656,,1496,24,,,0
20019,'1497220',1736,,1497,24,,,0
20019,'1497221',1816,,1498,24,,,0
20019,'1497222',1856,,1499,24,,,0
20019,'1497223',1936,,1500,24,,,0
20019,'1497224',2016,,1501,24,,,0
20019,'1497225',2056,,1502,24,,,0
20019,'1497226',2136,,1503,24,,,0
20019,'1497227',2216,,1504,24,,,0
30000019,'1496023',847,,1329,18,,,0
30000019,'1496024',947,,1330,18,,,0
30000019,'1496025',1047,,1331,18,,,0
30000019,'1496026',1147,,1332,18,,,0
30000019,'1496027',1247,,1333,18,,,0
30000019,'1496028',1347,,1334,18,,,0
30000019,'1496029',1447,,1335,18,,,0
30000019,'1496030',1547,,1336,18,,,0
30000019,'1496031',1647,,1337,18,,,0
