14019,'1492813',703,,577,32,,,0
14019,'1492814',743,,578,32,,,0
14019,'1492815',823,,579,32,,,0
14019,'1492816',903,,580,32,,,0
14019,'1492817',943,,581,32,,,0
14019,'1492818',1023,,582,32,,,0
14019,'1492819',1103,,583,32,,,0
14019,'1492820',1143,,584,32,,,0
14019,'1492821',1223,,585,32,,,0
14019,'1492822',1303,,586,32,,,0
14019,'1492823',1343,,587,32,,,0
14019,'1492824',1423,,588,32,,,0
14019,'1492825',1503,,589,32,,,0
14019,'1492826',1543,,590,32,,,0
14019,'1492827',1623,,591,32,,,0
14019,'1492828',1703,,592,32,,,0
14019,'1492829',1743,,593,32,,,0
14019,'1492830',1823,,594,32,,,0
14019,'1492831',1903,,595,32,,,0
14019,'1492832',1943,,596,32,,,0
14019,'1492833',2023,,597,32,,,0
14019,'1492834',2103,,598,32,,,0
14019,'1492835',2143,,599,32,,,0
14019,'1492836',2223,,600,32,,,0
14019,'1492837',823,,601,32,,,0
14019,'1492838',903,,602,32,,,0
14019,'1492839',943,,603,32,,,0
14019,'1492840',1023,,604,32,,,0
14019,'1492841',1103,,605,32,,,0
14019,'1492842',1143,,606,32,,,0
14019,'1492843',1223,,607,32,,,0
14019,'1492844',1303,,608,32,,,0
14019,'1492845',1343,,609,32,,,0
14019,'1492846',1423,,610,32,,,0
14019,'1492847',1503,,611,32,,,0
14019,'1492848',1543,,612,32,,,0
14019,'1492849',1623,,613,32,,,0
14019,'1492850',1703,,614,32,,,0
14019,'1492851',1743,,615,32,,,0
14019,'1492852',1823,,616,32,,,0
14019,'1492853',1903,,617,32,,,0
14019,'1492854',1943,,618,32,,,0
14019,'1492855',2023,,619,32,,,0
14019,'1492856',2103,,620,32,,,0
14019,'1492857',2143,,621,32,,,0
14019,'1492858',2223,,622,32,,,0
