901019,'1480871',627,,454,7,0,6,0
901019,'1480872',747,,455,7,0,6,0
901019,'1490032',902,,1584,55,0,16 17,0
901019,'1490033',1022,,1585,55,0,16 17,0
901019,'1490034',1142,,1586,55,0,16 17,0
901019,'1490035',1302,,1587,55,0,16 17,0
901019,'1490036',1422,,1588,55,0,16 17,0
901019,'1490037',1542,,1589,55,0,16 17,0
901019,'1490038',1702,,1590,55,0,16 17,0
901019,'1490039',1822,,1591,55,0,16 17,0
901019,'1490040',1942,,1592,55,0,16 17,0
901019,'1490041',2102,,1593,55,0,16 17,0
901019,'1490042',2222,,1594,55,0,16 17,0
901019,'1497384',1942,,1607,55,0,16 17,0
901019,'1497385',2102,,1608,55,0,16 17,0
901019,'1497386',2222,,1609,55,0,16 17,0
902019,'1490054',1902,,1610,23,0,16 17,0
902019,'1490055',2022,,1611,23,0,16 17,0
902019,'1490056',2142,,1612,23,0,16 17,0
902019,'1490057',822,,1613,23,0,16 17,0
902019,'1490058',942,,1614,23,0,16 17,0
902019,'1490059',1102,,1615,23,0,16 17,0
902019,'1490060',1222,,1616,23,0,16 17,0
902019,'1490061',1342,,1617,23,0,16 17,0
902019,'1490062',1502,,1618,23,0,16 17,0
902019,'1490063',1622,,1619,23,0,16 17,0
902019,'1490064',1742,,1620,23,0,16 17,0
902019,'1490065',1902,,1621,23,0,16 17,0
902019,'1490066',2022,,1622,23,0,16 17,0
902019,'1490067',2142,,1623,23,0,16 17,0
