7019,'1489971',640,,113,3,0,7,0
7019,'1489972',720,,114,3,0,7,0
7019,'1489973',800,,115,3,0,7,0
7019,'1489974',840,,116,3,0,7,0
7019,'1489975',920,,117,3,0,7,0
7019,'1489976',1000,,118,3,0,7,0
7019,'1489977',1040,,917,3,0,7,0
7019,'1489978',1120,,918,3,0,7,0
7019,'1489979',1200,,919,3,0,7,0
7019,'1489980',1240,,920,3,0,7,0
7019,'1489981',1320,,921,3,0,7,0
7019,'1489982',1400,,922,3,0,7,0
7019,'1489983',1440,,119,3,0,7,0
7019,'1489984',1520,,120,3,0,7,0
7019,'1489985',1600,,121,3,0,7,0
7019,'1489986',1640,,122,3,0,7,0
7019,'1489987',1720,,123,3,0,7,0
7019,'1489988',1800,,124,3,0,7,0
7019,'1489989',1840,,923,3,0,7,0
7019,'1489990',1920,,924,3,0,7,0
7019,'1489991',2000,,925,3,0,7,0
7019,'1489992',2040,,926,3,0,7,0
7019,'1489993',2120,,927,3,0,7,0
7019,'1489994',2200,,928,3,0,7,0
7019,'1489995',800,,125,3,0,7,0
7019,'1489996',840,,126,3,0,7,0
7019,'1489997',920,,127,3,0,7,0
7019,'1489998',1000,,128,3,0,7,0
7019,'1489999',1040,,129,3,0,7,0
7019,'1490000',1120,,130,3,0,7,0
7019,'1490001',1200,,131,3,0,7,0
7019,'1490002',1240,,132,3,0,7,0
7019,'1490003',1320,,133,3,0,7,0
7019,'1490004',1400,,134,3,0,7,0
7019,'1490005',1440,,135,3,0,7,0
7019,'1490006',1520,,136,3,0,7,0
7019,'1490007',1600,,137,3,0,7,0
7019,'1490008',1640,,138,3,0,7,0
7019,'1490009',1720,,139,3,0,7,0
7019,'1490010',1800,,140,3,0,7,0
7019,'1490011',1840,,929,3,0,7,0
7019,'1490012',1920,,930,3,0,7,0
7019,'1490013',2000,,931,3,0,7,0
7019,'1490014',2040,,932,3,0,7,0
7019,'1490015',2120,,933,3,0,7,0
7019,'1490016',2200,,934,3,0,7,0
