15019,'1492887',1904,,1660,42,,,0
15019,'1492888',2004,,1661,42,,,0
15019,'1492889',2104,,1662,42,,,0
15019,'1492890',2204,,1663,42,,,0
15019,'1495961',704,,1664,42,,,0
15019,'1495962',804,,1665,42,,,0
15019,'1495963',904,,1666,42,,,0
15019,'1495964',1004,,1667,42,,,0
15019,'1495965',1104,,1668,42,,,0
15019,'1495966',1204,,1669,42,,,0
15019,'1495967',1304,,1670,42,,,0
15019,'1495968',1404,,1671,42,,,0
15019,'1495969',1504,,1672,42,,,0
15019,'1495970',1604,,1673,42,,,0
15019,'1495971',1704,,1674,42,,,0
15019,'1495972',1804,,1675,42,,,0
15019,'1497631',704,,1676,42,,,0
15019,'1497632',804,,1677,42,,,0
15019,'1497633',904,,1678,42,,,0
15019,'1497634',1004,,1679,42,,,0
15019,'1497635',1104,,1680,42,,,0
15019,'1497636',1204,,1681,42,,,0
15019,'1497637',1304,,1682,42,,,0
15019,'1497638',1404,,1683,42,,,0
15019,'1497639',1504,,1684,42,,,0
15019,'1497640',1604,,1685,42,,,0
15019,'1497641',1704,,1686,42,,,0
15019,'1497642',1804,,1687,42,,,0
15019,'1497643',1904,,1688,42,,,0
15019,'1497644',2004,,1689,42,,,0
15019,'1497645',2104,,1690,42,,,0
15019,'1497646',2204,,1691,42,,,0
15019,'1497647',904,,1692,42,,,0
15019,'1497648',1004,,1693,42,,,0
15019,'1497649',1104,,1694,42,,,0
15019,'1497650',1204,,1695,42,,,0
15019,'1497651',1304,,1696,42,,,0
15019,'1497652',1404,,1697,42,,,0
15019,'1497653',1504,,1698,42,,,0
15019,'1497654',1604,,1699,42,,,0
15019,'1497655',1704,,1700,42,,,0
15019,'1497656',1804,,1701,42,,,0
15019,'1497657',1904,,1702,42,,,0
15019,'1497658',2004,,1703,42,,,0
15019,'1497659',2104,,1704,42,,,0
15019,'1497660',2204,,1705,42,,,0
