14019,'1492813',637,,577,10,,,0,65,,577,27,,,0
14019,'1492814',717,,578,10,,,0,25,,578,27,,,0
14019,'1492815',757,,579,10,,,0,65,,579,27,,,0
14019,'1492816',837,,580,10,,,0,65,,580,27,,,0
14019,'1492817',917,,581,10,,,0,25,,581,27,,,0
14019,'1492818',957,,582,10,,,0,65,,582,27,,,0
14019,'1492819',1037,,583,10,,,0,65,,583,27,,,0
14019,'1492820',1117,,584,10,,,0,25,,584,27,,,0
14019,'1492821',1157,,585,10,,,0,65,,585,27,,,0
14019,'1492822',1237,,586,10,,,0,65,,586,27,,,0
14019,'1492823',1317,,587,10,,,0,25,,587,27,,,0
14019,'1492824',1357,,588,10,,,0,65,,588,27,,,0
14019,'1492825',1437,,589,10,,,0,65,,589,27,,,0
14019,'1492826',1517,,590,10,,,0,25,,590,27,,,0
14019,'1492827',1557,,591,10,,,0,65,,591,27,,,0
14019,'1492828',1637,,592,10,,,0,65,,592,27,,,0
14019,'1492829',1717,,593,10,,,0,25,,593,27,,,0
14019,'1492830',1757,,594,10,,,0,65,,594,27,,,0
14019,'1492831',1837,,595,10,,,0,65,,595,27,,,0
14019,'1492832',1917,,596,10,,,0,25,,596,27,,,0
14019,'1492833',1957,,597,10,,,0,65,,597,27,,,0
14019,'1492834',2037,,598,10,,,0,65,,598,27,,,0
14019,'1492835',2117,,599,10,,,0,25,,599,27,,,0
14019,'1492836',2157,,600,10,,,0,65,,600,27,,,0
14019,'1494878',637,,793,10,,,0,65,,793,27,,,0
14019,'1494879',717,,794,10,,,0,25,,794,27,,,0
14019,'1494880',757,,795,10,,,0,65,,795,27,,,0
14019,'1494881',837,,796,10,,,0,65,,796,27,,,0
14019,'1494882',917,,797,10,,,0,25,,797,27,,,0
14019,'1494883',957,,798,10,,,0,65,,798,27,,,0
14019,'1494884',1037,,799,10,,,0,65,,799,27,,,0
14019,'1494885',1117,,800,10,,,0,25,,800,27,,,0
14019,'1494886',1157,,801,10,,,0,65,,801,27,,,0
14019,'1494887',1237,,802,10,,,0,65,,802,27,,,0
14019,'1494888',1317,,803,10,,,0,25,,803,27,,,0
14019,'1494889',1357,,804,10,,,0,65,,804,27,,,0
14019,'1494890',1437,,805,10,,,0,65,,805,27,,,0
14019,'1494891',1517,,806,10,,,0,25,,806,27,,,0
14019,'1494892',1557,,807,10,,,0,65,,807,27,,,0
14019,'1494893',1637,,808,10,,,0,65,,808,27,,,0
14019,'1494894',1717,,809,10,,,0,25,,809,27,,,0
14019,'1494895',1757,,810,10,,,0,65,,810,27,,,0
14019,'1494896',1837,,811,10,,,0,65,,811,27,,,0
14019,'1494897',1917,,812,10,,,0,25,,812,27,,,0
14019,'1494898',1957,,813,10,,,0,65,,813,27,,,0
14019,'1494899',2037,,814,10,,,0,65,,814,27,,,0
14019,'1494900',2117,,815,10,,,0,25,,815,27,,,0
14019,'1494901',2157,,816,10,,,0,65,,816,27,,,0
14019,'1494902',757,,817,10,,,0,65,,817,27,,,0
14019,'1494903',837,,818,10,,,0,65,,818,27,,,0
14019,'1494904',917,,819,10,,,0,25,,819,27,,,0
14019,'1494905',957,,820,10,,,0,65,,820,27,,,0
14019,'1494906',1037,,821,10,,,0,65,,821,27,,,0
14019,'1494907',1117,,822,10,,,0,25,,822,27,,,0
14019,'1494908',1157,,823,10,,,0,65,,823,27,,,0
14019,'1494909',1237,,824,10,,,0,65,,824,27,,,0
14019,'1494910',1317,,825,10,,,0,25,,825,27,,,0
14019,'1494911',1357,,826,10,,,0,65,,826,27,,,0
14019,'1494912',1437,,827,10,,,0,65,,827,27,,,0
14019,'1494913',1517,,828,10,,,0,25,,828,27,,,0
14019,'1494914',1557,,829,10,,,0,65,,829,27,,,0
14019,'1494915',1637,,830,10,,,0,65,,830,27,,,0
14019,'1494916',1717,,831,10,,,0,25,,831,27,,,0
14019,'1494917',1757,,832,10,,,0,65,,832,27,,,0
14019,'1494918',1837,,833,10,,,0,65,,833,27,,,0
14019,'1494919',1917,,834,10,,,0,25,,834,27,,,0
14019,'1494920',1957,,835,10,,,0,65,,835,27,,,0
14019,'1494921',2037,,836,10,,,0,65,,836,27,,,0
14019,'1494922',2117,,837,10,,,0,25,,837,27,,,0
14019,'1494923',2157,,838,10,,,0,65,,838,27,,,0
