2019,'1486350',654,,1505,28,,,0
2019,'1486351',734,,1506,28,,,0
2019,'1486352',814,,1507,28,,,0
2019,'1486353',854,,1508,28,,,0
2019,'1486354',934,,1509,28,,,0
2019,'1486355',1014,,1510,28,,,0
2019,'1486356',1054,,1511,28,,,0
2019,'1486357',1134,,1512,28,,,0
2019,'1486358',1214,,1513,28,,,0
2019,'1486359',1254,,1514,28,,,0
2019,'1486360',1334,,1515,28,,,0
2019,'1486361',1414,,1516,28,,,0
2019,'1486362',1454,,1517,28,,,0
2019,'1486363',1534,,1518,28,,,0
2019,'1486364',1614,,1519,28,,,0
2019,'1486365',1654,,1520,28,,,0
2019,'1486366',1734,,1521,28,,,0
2019,'1486367',755,,1522,6,,,0
2019,'1486368',835,,1523,6,,,0
2019,'1486369',915,,1524,6,,,0
2019,'1486370',955,,1525,6,,,0
2019,'1486371',1035,,1526,6,,,0
2019,'1486372',1115,,1527,6,,,0
2019,'1486373',1155,,1528,6,,,0
2019,'1486374',1235,,1529,6,,,0
2019,'1486375',1315,,1530,6,,,0
2019,'1486376',1355,,1531,6,,,0
2019,'1486377',1435,,1532,6,,,0
2019,'1486378',1515,,1533,6,,,0
2019,'1486379',1555,,1534,6,,,0
2019,'1486380',1635,,1535,6,,,0
2019,'1486381',1715,,1536,6,,,0
2019,'1486382',1755,,1537,6,,,0
2019,'1486958',1814,,1538,28,,,0
