15019,'1492887',1846,,1660,16,,,0
15019,'1492888',1946,,1661,16,,,0
15019,'1492889',2046,,1662,16,,,0
15019,'1492890',2146,,1663,16,,,0
15019,'1495961',646,,1664,16,,,0
15019,'1495962',746,,1665,16,,,0
15019,'1495963',846,,1666,16,,,0
15019,'1495964',946,,1667,16,,,0
15019,'1495965',1046,,1668,16,,,0
15019,'1495966',1146,,1669,16,,,0
15019,'1495967',1246,,1670,16,,,0
15019,'1495968',1346,,1671,16,,,0
15019,'1495969',1446,,1672,16,,,0
15019,'1495970',1546,,1673,16,,,0
15019,'1495971',1646,,1674,16,,,0
15019,'1495972',1746,,1675,16,,,0
15019,'1497631',644,,1676,16,,,0
15019,'1497632',744,,1677,16,,,0
15019,'1497633',844,,1678,16,,,0
15019,'1497634',944,,1679,16,,,0
15019,'1497635',1044,,1680,16,,,0
15019,'1497636',1144,,1681,16,,,0
15019,'1497637',1244,,1682,16,,,0
15019,'1497638',1344,,1683,16,,,0
15019,'1497639',1444,,1684,16,,,0
15019,'1497640',1544,,1685,16,,,0
15019,'1497641',1644,,1686,16,,,0
15019,'1497642',1744,,1687,16,,,0
15019,'1497643',1844,,1688,16,,,0
15019,'1497644',1944,,1689,16,,,0
15019,'1497645',2044,,1690,16,,,0
15019,'1497646',2144,,1691,16,,,0
15019,'1497647',844,,1692,16,,,0
15019,'1497648',944,,1693,16,,,0
15019,'1497649',1044,,1694,16,,,0
15019,'1497650',1144,,1695,16,,,0
15019,'1497651',1244,,1696,16,,,0
15019,'1497652',1344,,1697,16,,,0
15019,'1497653',1444,,1698,16,,,0
15019,'1497654',1544,,1699,16,,,0
15019,'1497655',1644,,1700,16,,,0
15019,'1497656',1744,,1701,16,,,0
15019,'1497657',1844,,1702,16,,,0
15019,'1497658',1944,,1703,16,,,0
15019,'1497659',2044,,1704,16,,,0
15019,'1497660',2144,,1705,16,,,0
