14019,'1494878',708,,793,36,,,0
14019,'1494879',748,,794,36,,,0
14019,'1494880',828,,795,36,,,0
14019,'1494881',908,,796,36,,,0
14019,'1494882',948,,797,36,,,0
14019,'1494883',1028,,798,36,,,0
14019,'1494884',1108,,799,36,,,0
14019,'1494885',1148,,800,36,,,0
14019,'1494886',1228,,801,36,,,0
14019,'1494887',1308,,802,36,,,0
14019,'1494888',1348,,803,36,,,0
14019,'1494889',1428,,804,36,,,0
14019,'1494890',1508,,805,36,,,0
14019,'1494891',1548,,806,36,,,0
14019,'1494892',1628,,807,36,,,0
14019,'1494893',1708,,808,36,,,0
14019,'1494894',1748,,809,36,,,0
14019,'1494895',1828,,810,36,,,0
14019,'1494896',1908,,811,36,,,0
14019,'1494897',1948,,812,36,,,0
14019,'1494898',2028,,813,36,,,0
14019,'1494899',2108,,814,36,,,0
14019,'1494900',2148,,815,36,,,0
14019,'1494901',2228,,816,36,,,0
14019,'1494902',828,,817,36,,,0
14019,'1494903',908,,818,36,,,0
14019,'1494904',948,,819,36,,,0
14019,'1494905',1028,,820,36,,,0
14019,'1494906',1108,,821,36,,,0
14019,'1494907',1148,,822,36,,,0
14019,'1494908',1228,,823,36,,,0
14019,'1494909',1308,,824,36,,,0
14019,'1494910',1348,,825,36,,,0
14019,'1494911',1428,,826,36,,,0
14019,'1494912',1508,,827,36,,,0
14019,'1494913',1548,,828,36,,,0
14019,'1494914',1628,,829,36,,,0
14019,'1494915',1708,,830,36,,,0
14019,'1494916',1748,,831,36,,,0
14019,'1494917',1828,,832,36,,,0
14019,'1494918',1908,,833,36,,,0
14019,'1494919',1948,,834,36,,,0
14019,'1494920',2028,,835,36,,,0
14019,'1494921',2108,,836,36,,,0
14019,'1494922',2148,,837,36,,,0
14019,'1494923',2228,,838,36,,,0
