20019,'1497182',656,,1459,23,,,0
20019,'1497183',736,,1460,23,,,0
20019,'1497184',816,,1461,23,,,0
20019,'1497185',856,,1462,23,,,0
20019,'1497186',936,,1463,23,,,0
20019,'1497187',1016,,1464,23,,,0
20019,'1497188',1056,,1465,23,,,0
20019,'1497189',1136,,1466,23,,,0
20019,'1497190',1216,,1467,23,,,0
20019,'1497191',1256,,1468,23,,,0
20019,'1497192',1336,,1469,23,,,0
20019,'1497193',1416,,1470,23,,,0
20019,'1497194',1456,,1471,23,,,0
20019,'1497195',1536,,1472,23,,,0
20019,'1497196',1616,,1473,23,,,0
20019,'1497197',1656,,1474,23,,,0
20019,'1497198',1736,,1475,23,,,0
20019,'1497199',1816,,1476,23,,,0
20019,'1497200',1856,,1477,23,,,0
20019,'1497201',1936,,1478,23,,,0
20019,'1497202',2016,,1479,23,,,0
20019,'1497203',2056,,1480,23,,,0
20019,'1497204',2136,,1481,23,,,0
20019,'1497205',2216,,1482,23,,,0
20019,'1497206',816,,1483,23,,,0
20019,'1497207',856,,1484,23,,,0
20019,'1497208',936,,1485,23,,,0
20019,'1497209',1016,,1486,23,,,0
20019,'1497210',1056,,1487,23,,,0
20019,'1497211',1136,,1488,23,,,0
20019,'1497212',1216,,1489,23,,,0
20019,'1497213',1256,,1490,23,,,0
20019,'1497214',1336,,1491,23,,,0
20019,'1497215',1416,,1492,23,,,0
20019,'1497216',1456,,1493,23,,,0
20019,'1497217',1536,,1494,23,,,0
20019,'1497218',1616,,1495,23,,,0
20019,'1497219',1656,,1496,23,,,0
20019,'1497220',1736,,1497,23,,,0
20019,'1497221',1816,,1498,23,,,0
20019,'1497222',1856,,1499,23,,,0
20019,'1497223',1936,,1500,23,,,0
20019,'1497224',2016,,1501,23,,,0
20019,'1497225',2056,,1502,23,,,0
20019,'1497226',2136,,1503,23,,,0
20019,'1497227',2216,,1504,23,,,0
