1019,'1485865',637,,26,4,0,11,0
1019,'1485866',717,,27,4,0,11,0
1019,'1485867',757,,28,4,0,11,0
1019,'1485868',837,,29,4,0,11,0
1019,'1485869',917,,30,4,0,11,0
1019,'1485870',957,,31,4,0,11,0
1019,'1485871',1037,,32,4,0,11,0
1019,'1485872',1117,,33,4,0,11,0
1019,'1485873',1157,,34,4,0,11,0
1019,'1485874',1237,,35,4,0,11,0
1019,'1485875',1317,,36,4,0,11,0
1019,'1485876',1357,,37,4,0,11,0
1019,'1485877',1437,,38,4,0,11,0
1019,'1485878',1517,,39,4,0,11,0
1019,'1485879',1557,,40,4,0,11,0
1019,'1485880',1637,,41,4,0,11,0
1019,'1485881',1717,,42,4,0,11,0
1019,'1485882',1757,,43,4,0,11,0
1019,'1485883',757,,869,4,0,11,0
1019,'1485884',837,,870,4,0,11,0
1019,'1485885',917,,871,4,0,11,0
1019,'1485886',957,,872,4,0,11,0
1019,'1485887',1037,,873,4,0,11,0
1019,'1485888',1117,,874,4,0,11,0
1019,'1485889',1157,,875,4,0,11,0
1019,'1485890',1237,,876,4,0,11,0
1019,'1485891',1317,,877,4,0,11,0
1019,'1485892',1357,,878,4,0,11,0
1019,'1485893',1437,,879,4,0,11,0
1019,'1485894',1517,,880,4,0,11,0
1019,'1485895',1557,,881,4,0,11,0
1019,'1485896',1637,,882,4,0,11,0
1019,'1485897',1717,,883,4,0,11,0
1019,'1485898',1757,,884,4,0,11,0
3019,'1486996',815,,1149,27,,,0
3019,'1486997',855,,1150,27,,,0
3019,'1486998',935,,1151,27,,,0
3019,'1486999',1015,,1152,27,,,0
3019,'1487000',1055,,1153,27,,,0
3019,'1487001',1135,,1154,27,,,0
3019,'1487002',1215,,1155,27,,,0
3019,'1487003',1255,,1156,27,,,0
3019,'1487004',1335,,1157,27,,,0
3019,'1487005',1415,,1158,27,,,0
3019,'1487006',1455,,1159,27,,,0
3019,'1487007',1535,,1160,27,,,0
3019,'1487008',1615,,1161,27,,,0
3019,'1487009',1655,,1162,27,,,0
