19019,'1489098',651,,1214,17,,,0
19019,'1489099',731,,1215,17,,,0
19019,'1489100',811,,1216,17,,,0
19019,'1489101',851,,1217,17,,,0
19019,'1489102',931,,1218,17,,,0
19019,'1489103',1011,,1219,17,,,0
19019,'1489104',1051,,1220,17,,,0
19019,'1489105',1131,,1221,17,,,0
19019,'1489106',1211,,1222,17,,,0
19019,'1489107',1251,,1223,17,,,0
19019,'1489108',1331,,1224,17,,,0
19019,'1489109',1411,,1225,17,,,0
19019,'1489110',1451,,1226,17,,,0
19019,'1489111',1531,,1227,17,,,0
19019,'1489112',1611,,1228,17,,,0
19019,'1489113',1651,,1229,17,,,0
19019,'1489114',1731,,1230,17,,,0
19019,'1489115',1811,,1231,17,,,0
19019,'1489116',711,,1232,17,,,0
19019,'1489117',751,,1233,17,,,0
19019,'1489118',831,,1234,17,,,0
19019,'1489119',911,,1235,17,,,0
19019,'1489120',951,,1236,17,,,0
19019,'1489121',1031,,1237,17,,,0
19019,'1489122',1111,,1238,17,,,0
19019,'1489123',1151,,1239,17,,,0
19019,'1489124',1231,,1240,17,,,0
19019,'1489125',1311,,1241,17,,,0
19019,'1489126',1351,,1242,17,,,0
19019,'1489127',1431,,1243,17,,,0
19019,'1489128',1511,,1244,17,,,0
19019,'1489129',1551,,1245,17,,,0
19019,'1489130',1631,,1246,17,,,0
19019,'1489131',1711,,1247,17,,,0
19019,'1489132',1751,,1248,17,,,0
901019,'1490032',851,,1584,49,0,16 17,0
901019,'1490033',1011,,1585,49,0,16 17,0
901019,'1490034',1131,,1586,49,0,16 17,0
901019,'1490035',1251,,1587,49,0,16 17,0
901019,'1490036',1411,,1588,49,0,16 17,0
901019,'1490037',1531,,1589,49,0,16 17,0
901019,'1490038',1651,,1590,49,0,16 17,0
901019,'1490039',1811,,1591,49,0,16 17,0
901019,'1490040',1931,,1592,49,0,16 17,0
901019,'1490041',2051,,1593,49,0,16 17,0
901019,'1490042',2211,,1594,49,0,16 17,0
901019,'1497384',1931,,1607,49,0,16 17,0
901019,'1497385',2051,,1608,49,0,16 17,0
901019,'1497386',2211,,1609,49,0,16 17,0
902019,'1490054',1851,,1610,17,0,16 17,0
902019,'1490055',2011,,1611,17,0,16 17,0
902019,'1490056',2131,,1612,17,0,16 17,0
902019,'1490057',811,,1613,17,0,16 17,0
902019,'1490058',931,,1614,17,0,16 17,0
902019,'1490059',1051,,1615,17,0,16 17,0
902019,'1490060',1211,,1616,17,0,16 17,0
902019,'1490061',1331,,1617,17,0,16 17,0
902019,'1490062',1451,,1618,17,0,16 17,0
902019,'1490063',1611,,1619,17,0,16 17,0
902019,'1490064',1731,,1620,17,0,16 17,0
902019,'1490065',1851,,1621,17,0,16 17,0
902019,'1490066',2011,,1622,17,0,16 17,0
902019,'1490067',2131,,1623,17,0,16 17,0
