15019,'1492887',1833,,1660,2,,,0
15019,'1492888',1933,,1661,2,,,0
15019,'1492889',2033,,1662,2,,,0
15019,'1492890',2133,,1663,2,,,0
15019,'1495961',633,,1664,2,,,0
15019,'1495962',733,,1665,2,,,0
15019,'1495963',833,,1666,2,,,0
15019,'1495964',933,,1667,2,,,0
15019,'1495965',1033,,1668,2,,,0
15019,'1495966',1133,,1669,2,,,0
15019,'1495967',1233,,1670,2,,,0
15019,'1495968',1333,,1671,2,,,0
15019,'1495969',1433,,1672,2,,,0
15019,'1495970',1533,,1673,2,,,0
15019,'1495971',1633,,1674,2,,,0
15019,'1495972',1733,,1675,2,,,0
15019,'1497631',633,,1676,2,,,0
15019,'1497632',733,,1677,2,,,0
15019,'1497633',833,,1678,2,,,0
15019,'1497634',933,,1679,2,,,0
15019,'1497635',1033,,1680,2,,,0
15019,'1497636',1133,,1681,2,,,0
15019,'1497637',1233,,1682,2,,,0
15019,'1497638',1333,,1683,2,,,0
15019,'1497639',1433,,1684,2,,,0
15019,'1497640',1533,,1685,2,,,0
15019,'1497641',1633,,1686,2,,,0
15019,'1497642',1733,,1687,2,,,0
15019,'1497643',1833,,1688,2,,,0
15019,'1497644',1933,,1689,2,,,0
15019,'1497645',2033,,1690,2,,,0
15019,'1497646',2133,,1691,2,,,0
15019,'1497647',833,,1692,2,,,0
15019,'1497648',933,,1693,2,,,0
15019,'1497649',1033,,1694,2,,,0
15019,'1497650',1133,,1695,2,,,0
15019,'1497651',1233,,1696,2,,,0
15019,'1497652',1333,,1697,2,,,0
15019,'1497653',1433,,1698,2,,,0
15019,'1497654',1533,,1699,2,,,0
15019,'1497655',1633,,1700,2,,,0
15019,'1497656',1733,,1701,2,,,0
15019,'1497657',1833,,1702,2,,,0
15019,'1497658',1933,,1703,2,,,0
15019,'1497659',2033,,1704,2,,,0
15019,'1497660',2133,,1705,2,,,0
19019,'1489098',632,,1214,2,,,0
19019,'1489099',712,,1215,2,,,0
19019,'1489100',752,,1216,2,,,0
19019,'1489101',832,,1217,2,,,0
19019,'1489102',912,,1218,2,,,0
19019,'1489103',952,,1219,2,,,0
19019,'1489104',1032,,1220,2,,,0
19019,'1489105',1112,,1221,2,,,0
19019,'1489106',1152,,1222,2,,,0
19019,'1489107',1232,,1223,2,,,0
19019,'1489108',1312,,1224,2,,,0
19019,'1489109',1352,,1225,2,,,0
19019,'1489110',1432,,1226,2,,,0
19019,'1489111',1512,,1227,2,,,0
19019,'1489112',1552,,1228,2,,,0
19019,'1489113',1632,,1229,2,,,0
19019,'1489114',1712,,1230,2,,,0
19019,'1489115',1752,,1231,2,,,0
19019,'1489116',652,,1232,2,,,0
19019,'1489117',732,,1233,2,,,0
19019,'1489118',812,,1234,2,,,0
19019,'1489119',852,,1235,2,,,0
19019,'1489120',932,,1236,2,,,0
19019,'1489121',1012,,1237,2,,,0
19019,'1489122',1052,,1238,2,,,0
19019,'1489123',1132,,1239,2,,,0
19019,'1489124',1212,,1240,2,,,0
19019,'1489125',1252,,1241,2,,,0
19019,'1489126',1332,,1242,2,,,0
19019,'1489127',1412,,1243,2,,,0
19019,'1489128',1452,,1244,2,,,0
19019,'1489129',1532,,1245,2,,,0
19019,'1489130',1612,,1246,2,,,0
19019,'1489131',1652,,1247,2,,,0
19019,'1489132',1732,,1248,2,,,0
20019,'1497182',631,,1459,2,,,0
20019,'1497183',711,,1460,2,,,0
20019,'1497184',751,,1461,2,,,0
20019,'1497185',831,,1462,2,,,0
20019,'1497186',911,,1463,2,,,0
20019,'1497187',951,,1464,2,,,0
20019,'1497188',1031,,1465,2,,,0
20019,'1497189',1111,,1466,2,,,0
20019,'1497190',1151,,1467,2,,,0
20019,'1497191',1231,,1468,2,,,0
20019,'1497192',1311,,1469,2,,,0
20019,'1497193',1351,,1470,2,,,0
20019,'1497194',1431,,1471,2,,,0
20019,'1497195',1511,,1472,2,,,0
20019,'1497196',1551,,1473,2,,,0
20019,'1497197',1631,,1474,2,,,0
20019,'1497198',1711,,1475,2,,,0
20019,'1497199',1751,,1476,2,,,0
20019,'1497200',1831,,1477,2,,,0
20019,'1497201',1911,,1478,2,,,0
20019,'1497202',1951,,1479,2,,,0
20019,'1497203',2031,,1480,2,,,0
20019,'1497204',2111,,1481,2,,,0
20019,'1497205',2151,,1482,2,,,0
20019,'1497206',751,,1483,2,,,0
20019,'1497207',831,,1484,2,,,0
20019,'1497208',911,,1485,2,,,0
20019,'1497209',951,,1486,2,,,0
20019,'1497210',1031,,1487,2,,,0
20019,'1497211',1111,,1488,2,,,0
20019,'1497212',1151,,1489,2,,,0
20019,'1497213',1231,,1490,2,,,0
20019,'1497214',1311,,1491,2,,,0
20019,'1497215',1351,,1492,2,,,0
20019,'1497216',1431,,1493,2,,,0
20019,'1497217',1511,,1494,2,,,0
20019,'1497218',1551,,1495,2,,,0
20019,'1497219',1631,,1496,2,,,0
20019,'1497220',1711,,1497,2,,,0
20019,'1497221',1751,,1498,2,,,0
20019,'1497222',1831,,1499,2,,,0
20019,'1497223',1911,,1500,2,,,0
20019,'1497224',1951,,1501,2,,,0
20019,'1497225',2031,,1502,2,,,0
20019,'1497226',2111,,1503,2,,,0
20019,'1497227',2151,,1504,2,,,0
