14019,'1494878',643,,793,18,,,0
14019,'1494879',723,,794,18,,,0
14019,'1494880',803,,795,18,,,0
14019,'1494881',843,,796,18,,,0
14019,'1494882',923,,797,18,,,0
14019,'1494883',1003,,798,18,,,0
14019,'1494884',1043,,799,18,,,0
14019,'1494885',1123,,800,18,,,0
14019,'1494886',1203,,801,18,,,0
14019,'1494887',1243,,802,18,,,0
14019,'1494888',1323,,803,18,,,0
14019,'1494889',1403,,804,18,,,0
14019,'1494890',1443,,805,18,,,0
14019,'1494891',1523,,806,18,,,0
14019,'1494892',1603,,807,18,,,0
14019,'1494893',1643,,808,18,,,0
14019,'1494894',1723,,809,18,,,0
14019,'1494895',1803,,810,18,,,0
14019,'1494896',1843,,811,18,,,0
14019,'1494897',1923,,812,18,,,0
14019,'1494898',2003,,813,18,,,0
14019,'1494899',2043,,814,18,,,0
14019,'1494900',2123,,815,18,,,0
14019,'1494901',2203,,816,18,,,0
14019,'1494902',803,,817,18,,,0
14019,'1494903',843,,818,18,,,0
14019,'1494904',923,,819,18,,,0
14019,'1494905',1003,,820,18,,,0
14019,'1494906',1043,,821,18,,,0
14019,'1494907',1123,,822,18,,,0
14019,'1494908',1203,,823,18,,,0
14019,'1494909',1243,,824,18,,,0
14019,'1494910',1323,,825,18,,,0
14019,'1494911',1403,,826,18,,,0
14019,'1494912',1443,,827,18,,,0
14019,'1494913',1523,,828,18,,,0
14019,'1494914',1603,,829,18,,,0
14019,'1494915',1643,,830,18,,,0
14019,'1494916',1723,,831,18,,,0
14019,'1494917',1803,,832,18,,,0
14019,'1494918',1843,,833,18,,,0
14019,'1494919',1923,,834,18,,,0
14019,'1494920',2003,,835,18,,,0
14019,'1494921',2043,,836,18,,,0
14019,'1494922',2123,,837,18,,,0
14019,'1494923',2203,,838,18,,,0
