7019,'1482898',640,,111,13,4,,0
7019,'1482899',800,,112,13,4,,0
7019,'1489971',640,,113,1,0,7,0,80,,113,43,4,,0
7019,'1489972',720,,114,1,0,7,0,80,,114,43,4,,0
7019,'1489973',800,,115,1,0,7,0,40,,115,43,4,,0
7019,'1489974',840,,116,1,0,7,0,80,,116,43,4,,0
7019,'1489975',920,,117,1,0,7,0,80,,117,43,4,,0
7019,'1489976',1000,,118,1,0,7,0,40,,118,43,4,,0
7019,'1489977',1040,,917,1,0,7,0,80,,917,43,4,,0
7019,'1489978',1120,,918,1,0,7,0,80,,918,43,4,,0
7019,'1489979',1200,,919,1,0,7,0,40,,919,43,4,,0
7019,'1489980',1240,,920,1,0,7,0,80,,920,43,4,,0
7019,'1489981',1320,,921,1,0,7,0,80,,921,43,4,,0
7019,'1489982',1400,,922,1,0,7,0,40,,922,43,4,,0
7019,'1489983',1440,,119,1,0,7,0,80,,119,43,4,,0
7019,'1489984',1520,,120,1,0,7,0,80,,120,43,4,,0
7019,'1489985',1600,,121,1,0,7,0,40,,121,43,4,,0
7019,'1489986',1640,,122,1,0,7,0,80,,122,43,4,,0
7019,'1489987',1720,,123,1,0,7,0,80,,123,43,4,,0
7019,'1489988',1800,,124,1,0,7,0,40,,124,43,4,,0
7019,'1489989',1840,,923,1,0,7,0,80,,923,43,4,,0
7019,'1489990',1920,,924,1,0,7,0,80,,924,43,4,,0
7019,'1489991',2000,,925,1,0,7,0,40,,925,43,4,,0
7019,'1489992',2040,,926,1,0,7,0,80,,926,43,4,,0
7019,'1489993',2120,,927,1,0,7,0,80,,927,43,4,,0
7019,'1489994',2200,,928,1,0,7,0,40,,928,43,4,,0
7019,'1489995',800,,125,1,0,7,0,40,,125,43,4,,0
7019,'1489996',840,,126,1,0,7,0,80,,126,43,4,,0
7019,'1489997',920,,127,1,0,7,0,80,,127,43,4,,0
7019,'1489998',1000,,128,1,0,7,0,40,,128,43,4,,0
7019,'1489999',1040,,129,1,0,7,0,80,,129,43,4,,0
7019,'1490000',1120,,130,1,0,7,0,80,,130,43,4,,0
7019,'1490001',1200,,131,1,0,7,0,40,,131,43,4,,0
7019,'1490002',1240,,132,1,0,7,0,80,,132,43,4,,0
7019,'1490003',1320,,133,1,0,7,0,80,,133,43,4,,0
7019,'1490004',1400,,134,1,0,7,0,40,,134,43,4,,0
7019,'1490005',1440,,135,1,0,7,0,80,,135,43,4,,0
7019,'1490006',1520,,136,1,0,7,0,80,,136,43,4,,0
7019,'1490007',1600,,137,1,0,7,0,40,,137,43,4,,0
7019,'1490008',1640,,138,1,0,7,0,80,,138,43,4,,0
7019,'1490009',1720,,139,1,0,7,0,80,,139,43,4,,0
7019,'1490010',1800,,140,1,0,7,0,40,,140,43,4,,0
7019,'1490011',1840,,929,1,0,7,0,80,,929,43,4,,0
7019,'1490012',1920,,930,1,0,7,0,80,,930,43,4,,0
7019,'1490013',2000,,931,1,0,7,0,40,,931,43,4,,0
7019,'1490014',2040,,932,1,0,7,0,80,,932,43,4,,0
7019,'1490015',2120,,933,1,0,7,0,80,,933,43,4,,0
7019,'1490016',2200,,934,1,0,7,0,40,,934,43,4,,0
12019,'1482623',710,,170,13,4,,0
12019,'1482624',810,,171,13,4,,0
12019,'1490514',710,,1540,1,0,12 13,0,30,,1540,35,4,,0
12019,'1490515',810,,1541,1,0,12 13,0,30,,1541,35,4,,0
12019,'1490516',910,,1542,1,0,12 13,0,30,,1542,35,4,,0
12019,'1490517',1010,,1543,1,0,12 13,0,30,,1543,35,4,,0
12019,'1490518',1110,,1544,1,0,12 13,0,30,,1544,35,4,,0
12019,'1490519',1210,,1545,1,0,12 13,0,30,,1545,35,4,,0
12019,'1490520',1310,,1546,1,0,12 13,0,30,,1546,35,4,,0
12019,'1490521',1410,,1547,1,0,12 13,0,30,,1547,35,4,,0
12019,'1490522',1510,,1548,1,0,12 13,0,30,,1548,35,4,,0
12019,'1490523',1610,,1549,1,0,12 13,0,30,,1549,35,4,,0
12019,'1490524',1710,,1550,1,0,12 13,0,30,,1550,35,4,,0
12019,'1490525',1810,,1551,1,0,12 13,0,30,,1551,35,4,,0
12019,'1490526',810,,1552,1,0,12 13,0,30,,1552,35,4,,0
12019,'1490527',910,,1553,1,0,12 13,0,30,,1553,35,4,,0
12019,'1490528',1010,,1554,1,0,12 13,0,30,,1554,35,4,,0
12019,'1490529',1110,,1555,1,0,12 13,0,30,,1555,35,4,,0
12019,'1490530',1210,,1556,1,0,12 13,0,30,,1556,35,4,,0
12019,'1490531',1310,,1557,1,0,12 13,0,30,,1557,35,4,,0
12019,'1490532',1410,,1558,1,0,12 13,0,30,,1558,35,4,,0
12019,'1490533',1510,,1559,1,0,12 13,0,30,,1559,35,4,,0
12019,'1490534',1610,,1560,1,0,12 13,0,30,,1560,35,4,,0
12019,'1490535',1710,,1561,1,0,12 13,0,30,,1561,35,4,,0
12019,'1490536',1810,,1562,1,0,12 13,0,30,,1562,35,4,,0
16019,'1497350',740,,1563,1,0,9 10,0,70,,1563,24,4,,0
16019,'1497351',840,,1564,1,0,9 10,0,70,,1564,24,4,,0
16019,'1497352',940,,1565,1,0,9 10,0,70,,1565,24,4,,0
16019,'1497353',1040,,1566,1,0,9 10,0,70,,1566,24,4,,0
16019,'1497354',1140,,1567,1,0,9 10,0,70,,1567,24,4,,0
16019,'1497355',1240,,1568,1,0,9 10,0,70,,1568,24,4,,0
16019,'1497356',1340,,1569,1,0,9 10,0,70,,1569,24,4,,0
16019,'1497357',1440,,1570,1,0,9 10,0,70,,1570,24,4,,0
16019,'1497358',1540,,1571,1,0,9 10,0,70,,1571,24,4,,0
16019,'1497359',1640,,1572,1,0,9 10,0,70,,1572,24,4,,0
16019,'1497360',1740,,1573,1,0,9 10,0,70,,1573,24,4,,0
16019,'1497361',840,,1574,1,0,9 10,0,70,,1574,24,4,,0
16019,'1497362',940,,1575,1,0,9 10,0,70,,1575,24,4,,0
16019,'1497363',1040,,1576,1,0,9 10,0,70,,1576,24,4,,0
16019,'1497364',1140,,1577,1,0,9 10,0,70,,1577,24,4,,0
16019,'1497365',1240,,1578,1,0,9 10,0,70,,1578,24,4,,0
16019,'1497366',1340,,1579,1,0,9 10,0,70,,1579,24,4,,0
16019,'1497367',1440,,1580,1,0,9 10,0,70,,1580,24,4,,0
16019,'1497368',1540,,1581,1,0,9 10,0,70,,1581,24,4,,0
16019,'1497369',1640,,1582,1,0,9 10,0,70,,1582,24,4,,0
16019,'1497370',1740,,1583,1,0,9 10,0,70,,1583,24,4,,0
6809,'1480935',840,,1066,1,,,0
6809,'1480939',1540,,1067,1,,,0
6809,'1482170',740,,1068,5,4,,0
6809,'1482171',740,,1069,1,,,0,70,,1069,15,4,,0
6809,'1482172',810,,1070,1,,,0,30,,1070,15,4,,0
6809,'1482173',1440,,1071,5,4,,0
6809,'1482174',1440,,1072,1,,,0,70,,1072,15,4,,0
6809,'1482175',1510,,1073,1,,,0,30,,1073,15,4,,0
93019,'1496012',720,,1295,10,0,5,0,20,,1295,26,,,0
93019,'1496013',820,,1296,10,0,5,0,20,,1296,26,,,0
93019,'1496014',920,,1297,10,0,5,0,20,,1297,26,,,0
93019,'1496015',1020,,1298,10,0,5,0,20,,1298,26,,,0
93019,'1496016',1120,,1299,10,0,5,0,20,,1299,26,,,0
93019,'1496017',1220,,1300,10,0,5,0,20,,1300,26,,,0
93019,'1496018',1320,,1301,10,0,5,0,20,,1301,26,,,0
93019,'1496019',1420,,1302,10,0,5,0,20,,1302,26,,,0
93019,'1496020',1520,,1303,10,0,5,0,20,,1303,26,,,0
93019,'1496021',1620,,1304,10,0,5,0,20,,1304,26,,,0
93019,'1496022',1720,,1305,10,0,5,0,20,,1305,26,,,0
901019,'1490032',800,,1584,10,,,0,20,,1584,26,0,6,0
901019,'1490033',920,,1585,10,,,0,20,,1585,26,0,6,0
901019,'1490034',1040,,1586,10,,,0,60,,1586,26,0,6,0
901019,'1490035',1200,,1587,10,,,0,20,,1587,26,0,6,0
901019,'1490036',1320,,1588,10,,,0,20,,1588,26,0,6,0
901019,'1490037',1440,,1589,10,,,0,60,,1589,26,0,6,0
901019,'1490038',1600,,1590,10,,,0,20,,1590,26,0,6,0
901019,'1490039',1720,,1591,10,,,0,20,,1591,26,0,6,0
901019,'1490040',1840,,1592,10,,,0,60,,1592,26,0,6,0
901019,'1490041',2000,,1593,10,,,0,20,,1593,26,0,6,0
901019,'1490042',2120,,1594,10,,,0,20,,1594,26,0,6,0
901019,'1497372',640,,1595,10,,,0,60,,1595,26,0,6,0
901019,'1497373',740,,1596,10,,,0,60,,1596,26,0,6,0
901019,'1497374',840,,1597,10,,,0,60,,1597,26,0,6,0
901019,'1497375',940,,1598,10,,,0,60,,1598,26,0,6,0
901019,'1497376',1040,,1599,10,,,0,60,,1599,26,0,6,0
901019,'1497377',1140,,1600,10,,,0,60,,1600,26,0,6,0
901019,'1497378',1240,,1601,10,,,0,60,,1601,26,0,6,0
901019,'1497379',1340,,1602,10,,,0,60,,1602,26,0,6,0
901019,'1497380',1440,,1603,10,,,0,60,,1603,26,0,6,0
901019,'1497381',1540,,1604,10,,,0,60,,1604,26,0,6,0
901019,'1497382',1640,,1605,10,,,0,60,,1605,26,0,6,0
901019,'1497383',1740,,1606,10,,,0,60,,1606,26,0,6,0
901019,'1497384',1840,,1607,10,,,0,60,,1607,26,0,6,0
901019,'1497385',2000,,1608,10,,,0,20,,1608,26,0,6,0
901019,'1497386',2120,,1609,10,,,0,20,,1609,26,0,6,0
902019,'1490054',1920,,1610,36,,,0,20,,1610,52,0,6,0
902019,'1490055',2040,,1611,36,,,0,60,,1611,52,0,6,0
902019,'1490056',2200,,1612,36,,,0,20,,1612,52,0,6,0
902019,'1490057',840,,1613,36,,,0,60,,1613,52,0,6,0
902019,'1490058',1000,,1614,36,,,0,20,,1614,52,0,6,0
902019,'1490059',1120,,1615,36,,,0,20,,1615,52,0,6,0
902019,'1490060',1240,,1616,36,,,0,60,,1616,52,0,6,0
902019,'1490061',1400,,1617,36,,,0,20,,1617,52,0,6,0
902019,'1490062',1520,,1618,36,,,0,20,,1618,52,0,6,0
902019,'1490063',1640,,1619,36,,,0,60,,1619,52,0,6,0
902019,'1490064',1800,,1620,36,,,0,20,,1620,52,0,6,0
902019,'1490065',1920,,1621,36,,,0,20,,1621,52,0,6,0
902019,'1490066',2040,,1622,36,,,0,60,,1622,52,0,6,0
902019,'1490067',2200,,1623,36,,,0,20,,1623,52,0,6,0
902019,'1490068',1800,,1624,10,,,0,20,,1624,26,0,6,0
902019,'1497387',700,,1625,10,,,0,20,,1625,26,0,6,0
902019,'1497388',800,,1626,10,,,0,20,,1626,26,0,6,0
902019,'1497389',900,,1627,10,,,0,20,,1627,26,0,6,0
902019,'1497390',1000,,1628,10,,,0,20,,1628,26,0,6,0
902019,'1497391',1100,,1629,10,,,0,20,,1629,26,0,6,0
902019,'1497392',1200,,1630,10,,,0,20,,1630,26,0,6,0
902019,'1497393',1300,,1631,10,,,0,20,,1631,26,0,6,0
902019,'1497394',1400,,1632,10,,,0,20,,1632,26,0,6,0
902019,'1497395',1500,,1633,10,,,0,20,,1633,26,0,6,0
902019,'1497396',1600,,1634,10,,,0,20,,1634,26,0,6,0
902019,'1497397',1700,,1635,10,,,0,20,,1635,26,0,6,0
