15019,'1492887',1920,,1660,53,,,0
15019,'1492888',2020,,1661,53,,,0
15019,'1492889',2120,,1662,53,,,0
15019,'1492890',2220,,1663,53,,,0
15019,'1495961',720,,1664,53,,,0
15019,'1495962',820,,1665,53,,,0
15019,'1495963',920,,1666,53,,,0
15019,'1495964',1020,,1667,53,,,0
15019,'1495965',1120,,1668,53,,,0
15019,'1495966',1220,,1669,53,,,0
15019,'1495967',1320,,1670,53,,,0
15019,'1495968',1420,,1671,53,,,0
15019,'1495969',1520,,1672,53,,,0
15019,'1495970',1620,,1673,53,,,0
15019,'1495971',1720,,1674,53,,,0
15019,'1495972',1820,,1675,53,,,0
15019,'1497631',720,,1676,53,,,0
15019,'1497632',820,,1677,53,,,0
15019,'1497633',920,,1678,53,,,0
15019,'1497634',1020,,1679,53,,,0
15019,'1497635',1120,,1680,53,,,0
15019,'1497636',1220,,1681,53,,,0
15019,'1497637',1320,,1682,53,,,0
15019,'1497638',1420,,1683,53,,,0
15019,'1497639',1520,,1684,53,,,0
15019,'1497640',1620,,1685,53,,,0
15019,'1497641',1720,,1686,53,,,0
15019,'1497642',1820,,1687,53,,,0
15019,'1497643',1920,,1688,53,,,0
15019,'1497644',2020,,1689,53,,,0
15019,'1497645',2120,,1690,53,,,0
15019,'1497646',2220,,1691,53,,,0
15019,'1497647',920,,1692,53,,,0
15019,'1497648',1020,,1693,53,,,0
15019,'1497649',1120,,1694,53,,,0
15019,'1497650',1220,,1695,53,,,0
15019,'1497651',1320,,1696,53,,,0
15019,'1497652',1420,,1697,53,,,0
15019,'1497653',1520,,1698,53,,,0
15019,'1497654',1620,,1699,53,,,0
15019,'1497655',1720,,1700,53,,,0
15019,'1497656',1820,,1701,53,,,0
15019,'1497657',1920,,1702,53,,,0
15019,'1497658',2020,,1703,53,,,0
15019,'1497659',2120,,1704,53,,,0
15019,'1497660',2220,,1705,53,,,0
