7019,'1489971',653,,113,16,0,7,0
7019,'1489972',733,,114,16,0,7,0
7019,'1489973',813,,115,16,0,7,0
7019,'1489974',853,,116,16,0,7,0
7019,'1489975',933,,117,16,0,7,0
7019,'1489976',1013,,118,16,0,7,0
7019,'1489977',1053,,917,16,0,7,0
7019,'1489978',1133,,918,16,0,7,0
7019,'1489979',1213,,919,16,0,7,0
7019,'1489980',1253,,920,16,0,7,0
7019,'1489981',1333,,921,16,0,7,0
7019,'1489982',1413,,922,16,0,7,0
7019,'1489983',1453,,119,16,0,7,0
7019,'1489984',1533,,120,16,0,7,0
7019,'1489985',1613,,121,16,0,7,0
7019,'1489986',1653,,122,16,0,7,0
7019,'1489987',1733,,123,16,0,7,0
7019,'1489988',1813,,124,16,0,7,0
7019,'1489989',1853,,923,16,0,7,0
7019,'1489990',1933,,924,16,0,7,0
7019,'1489991',2013,,925,16,0,7,0
7019,'1489992',2053,,926,16,0,7,0
7019,'1489993',2133,,927,16,0,7,0
7019,'1489994',2213,,928,16,0,7,0
7019,'1489995',813,,125,16,0,7,0
7019,'1489996',853,,126,16,0,7,0
7019,'1489997',933,,127,16,0,7,0
7019,'1489998',1013,,128,16,0,7,0
7019,'1489999',1053,,129,16,0,7,0
7019,'1490000',1133,,130,16,0,7,0
7019,'1490001',1213,,131,16,0,7,0
7019,'1490002',1253,,132,16,0,7,0
7019,'1490003',1333,,133,16,0,7,0
7019,'1490004',1413,,134,16,0,7,0
7019,'1490005',1453,,135,16,0,7,0
7019,'1490006',1533,,136,16,0,7,0
7019,'1490007',1613,,137,16,0,7,0
7019,'1490008',1653,,138,16,0,7,0
7019,'1490009',1733,,139,16,0,7,0
7019,'1490010',1813,,140,16,0,7,0
7019,'1490011',1853,,929,16,0,7,0
7019,'1490012',1933,,930,16,0,7,0
7019,'1490013',2013,,931,16,0,7,0
7019,'1490014',2053,,932,16,0,7,0
7019,'1490015',2133,,933,16,0,7,0
7019,'1490016',2213,,934,16,0,7,0
