12019,'1488124',729,,1637,22,0,12 13,0
12019,'1488125',829,,1638,22,0,12 13,0
12019,'1488126',929,,1639,22,0,12 13,0
12019,'1488127',1029,,1640,22,0,12 13,0
12019,'1488128',1129,,1641,22,0,12 13,0
12019,'1488129',1229,,1642,22,0,12 13,0
12019,'1488130',1329,,1643,22,0,12 13,0
12019,'1488131',1429,,1644,22,0,12 13,0
12019,'1488132',1529,,1645,22,0,12 13,0
12019,'1488133',1629,,1646,22,0,12 13,0
12019,'1488134',1729,,1647,22,0,12 13,0
12019,'1488135',1829,,1648,22,0,12 13,0
12019,'1488136',829,,1649,22,0,12 13,0
12019,'1488137',929,,1650,22,0,12 13,0
12019,'1488138',1029,,1651,22,0,12 13,0
12019,'1488139',1129,,1652,22,0,12 13,0
12019,'1488140',1229,,1653,22,0,12 13,0
12019,'1488141',1329,,1654,22,0,12 13,0
12019,'1488142',1429,,1655,22,0,12 13,0
12019,'1488143',1529,,1656,22,0,12 13,0
12019,'1488144',1629,,1657,22,0,12 13,0
12019,'1488145',1729,,1658,22,0,12 13,0
12019,'1488146',1829,,1659,22,0,12 13,0
