14019,'1492813',642,,577,15,,,0
14019,'1492814',722,,578,15,,,0
14019,'1492815',802,,579,15,,,0
14019,'1492816',842,,580,15,,,0
14019,'1492817',922,,581,15,,,0
14019,'1492818',1002,,582,15,,,0
14019,'1492819',1042,,583,15,,,0
14019,'1492820',1122,,584,15,,,0
14019,'1492821',1202,,585,15,,,0
14019,'1492822',1242,,586,15,,,0
14019,'1492823',1322,,587,15,,,0
14019,'1492824',1402,,588,15,,,0
14019,'1492825',1442,,589,15,,,0
14019,'1492826',1522,,590,15,,,0
14019,'1492827',1602,,591,15,,,0
14019,'1492828',1642,,592,15,,,0
14019,'1492829',1722,,593,15,,,0
14019,'1492830',1802,,594,15,,,0
14019,'1492831',1842,,595,15,,,0
14019,'1492832',1922,,596,15,,,0
14019,'1492833',2002,,597,15,,,0
14019,'1492834',2042,,598,15,,,0
14019,'1492835',2122,,599,15,,,0
14019,'1492836',2202,,600,15,,,0
14019,'1492837',802,,601,15,,,0
14019,'1492838',842,,602,15,,,0
14019,'1492839',922,,603,15,,,0
14019,'1492840',1002,,604,15,,,0
14019,'1492841',1042,,605,15,,,0
14019,'1492842',1122,,606,15,,,0
14019,'1492843',1202,,607,15,,,0
14019,'1492844',1242,,608,15,,,0
14019,'1492845',1322,,609,15,,,0
14019,'1492846',1402,,610,15,,,0
14019,'1492847',1442,,611,15,,,0
14019,'1492848',1522,,612,15,,,0
14019,'1492849',1602,,613,15,,,0
14019,'1492850',1642,,614,15,,,0
14019,'1492851',1722,,615,15,,,0
14019,'1492852',1802,,616,15,,,0
14019,'1492853',1842,,617,15,,,0
14019,'1492854',1922,,618,15,,,0
14019,'1492855',2002,,619,15,,,0
14019,'1492856',2042,,620,15,,,0
14019,'1492857',2122,,621,15,,,0
14019,'1492858',2202,,622,15,,,0
