15019,'1492887',1835,,1660,7,,,0
15019,'1492888',1935,,1661,7,,,0
15019,'1492889',2035,,1662,7,,,0
15019,'1492890',2135,,1663,7,,,0
15019,'1495961',635,,1664,7,,,0
15019,'1495962',735,,1665,7,,,0
15019,'1495963',835,,1666,7,,,0
15019,'1495964',935,,1667,7,,,0
15019,'1495965',1035,,1668,7,,,0
15019,'1495966',1135,,1669,7,,,0
15019,'1495967',1235,,1670,7,,,0
15019,'1495968',1335,,1671,7,,,0
15019,'1495969',1435,,1672,7,,,0
15019,'1495970',1535,,1673,7,,,0
15019,'1495971',1635,,1674,7,,,0
15019,'1495972',1735,,1675,7,,,0
15019,'1497631',636,,1676,7,,,0
15019,'1497632',736,,1677,7,,,0
15019,'1497633',836,,1678,7,,,0
15019,'1497634',936,,1679,7,,,0
15019,'1497635',1036,,1680,7,,,0
15019,'1497636',1136,,1681,7,,,0
15019,'1497637',1236,,1682,7,,,0
15019,'1497638',1336,,1683,7,,,0
15019,'1497639',1436,,1684,7,,,0
15019,'1497640',1536,,1685,7,,,0
15019,'1497641',1636,,1686,7,,,0
15019,'1497642',1736,,1687,7,,,0
15019,'1497643',1836,,1688,7,,,0
15019,'1497644',1936,,1689,7,,,0
15019,'1497645',2036,,1690,7,,,0
15019,'1497646',2136,,1691,7,,,0
15019,'1497647',836,,1692,7,,,0
15019,'1497648',936,,1693,7,,,0
15019,'1497649',1036,,1694,7,,,0
15019,'1497650',1136,,1695,7,,,0
15019,'1497651',1236,,1696,7,,,0
15019,'1497652',1336,,1697,7,,,0
15019,'1497653',1436,,1698,7,,,0
15019,'1497654',1536,,1699,7,,,0
15019,'1497655',1636,,1700,7,,,0
15019,'1497656',1736,,1701,7,,,0
15019,'1497657',1836,,1702,7,,,0
15019,'1497658',1936,,1703,7,,,0
15019,'1497659',2036,,1704,7,,,0
15019,'1497660',2136,,1705,7,,,0
