20019,'1497182',633,,1459,4,,,0
20019,'1497183',713,,1460,4,,,0
20019,'1497184',753,,1461,4,,,0
20019,'1497185',833,,1462,4,,,0
20019,'1497186',913,,1463,4,,,0
20019,'1497187',953,,1464,4,,,0
20019,'1497188',1033,,1465,4,,,0
20019,'1497189',1113,,1466,4,,,0
20019,'1497190',1153,,1467,4,,,0
20019,'1497191',1233,,1468,4,,,0
20019,'1497192',1313,,1469,4,,,0
20019,'1497193',1353,,1470,4,,,0
20019,'1497194',1433,,1471,4,,,0
20019,'1497195',1513,,1472,4,,,0
20019,'1497196',1553,,1473,4,,,0
20019,'1497197',1633,,1474,4,,,0
20019,'1497198',1713,,1475,4,,,0
20019,'1497199',1753,,1476,4,,,0
20019,'1497200',1833,,1477,4,,,0
20019,'1497201',1913,,1478,4,,,0
20019,'1497202',1953,,1479,4,,,0
20019,'1497203',2033,,1480,4,,,0
20019,'1497204',2113,,1481,4,,,0
20019,'1497205',2153,,1482,4,,,0
20019,'1497206',753,,1483,4,,,0
20019,'1497207',833,,1484,4,,,0
20019,'1497208',913,,1485,4,,,0
20019,'1497209',953,,1486,4,,,0
20019,'1497210',1033,,1487,4,,,0
20019,'1497211',1113,,1488,4,,,0
20019,'1497212',1153,,1489,4,,,0
20019,'1497213',1233,,1490,4,,,0
20019,'1497214',1313,,1491,4,,,0
20019,'1497215',1353,,1492,4,,,0
20019,'1497216',1433,,1493,4,,,0
20019,'1497217',1513,,1494,4,,,0
20019,'1497218',1553,,1495,4,,,0
20019,'1497219',1633,,1496,4,,,0
20019,'1497220',1713,,1497,4,,,0
20019,'1497221',1753,,1498,4,,,0
20019,'1497222',1833,,1499,4,,,0
20019,'1497223',1913,,1500,4,,,0
20019,'1497224',1953,,1501,4,,,0
20019,'1497225',2033,,1502,4,,,0
20019,'1497226',2113,,1503,4,,,0
20019,'1497227',2153,,1504,4,,,0
