4019,'1489036',658,,65,20,,,0
4019,'1489037',738,,66,20,,,0
4019,'1489038',818,,67,20,,,0
4019,'1489039',858,,68,20,,,0
4019,'1489040',938,,69,20,,,0
4019,'1489041',1018,,70,20,,,0
4019,'1489042',1058,,71,20,,,0
4019,'1489043',1138,,72,20,,,0
4019,'1489044',1218,,73,20,,,0
4019,'1489045',1258,,74,20,,,0
4019,'1489046',1338,,75,20,,,0
4019,'1489047',1418,,76,20,,,0
4019,'1489048',1458,,77,20,,,0
4019,'1489049',1538,,78,20,,,0
4019,'1489050',1618,,79,20,,,0
4019,'1489051',1658,,80,20,,,0
4019,'1489052',1738,,81,20,,,0
4019,'1489053',1818,,82,20,,,0
4019,'1489054',1858,,83,20,,,0
4019,'1489055',1938,,84,20,,,0
4019,'1489056',2018,,85,20,,,0
4019,'1489057',2058,,86,20,,,0
4019,'1489058',2138,,87,20,,,0
4019,'1489059',2218,,88,20,,,0
4019,'1489060',818,,89,20,,,0
4019,'1489061',858,,90,20,,,0
4019,'1489062',938,,91,20,,,0
4019,'1489063',1018,,92,20,,,0
4019,'1489064',1058,,93,20,,,0
4019,'1489065',1138,,94,20,,,0
4019,'1489066',1218,,95,20,,,0
4019,'1489067',1258,,96,20,,,0
4019,'1489068',1338,,97,20,,,0
4019,'1489069',1418,,98,20,,,0
4019,'1489070',1458,,99,20,,,0
4019,'1489071',1538,,100,20,,,0
4019,'1489072',1618,,101,20,,,0
4019,'1489073',1658,,102,20,,,0
4019,'1489074',1738,,103,20,,,0
4019,'1489075',1818,,104,20,,,0
4019,'1489076',1858,,105,20,,,0
4019,'1489077',1938,,106,20,,,0
4019,'1489078',2018,,107,20,,,0
4019,'1489079',2058,,108,20,,,0
4019,'1489080',2138,,109,20,,,0
4019,'1489081',2218,,110,20,,,0
66019,'1489865',803,,412,3,,,0
66019,'1489866',833,,413,3,,,0
66019,'1489867',903,,414,3,,,0
66019,'1489868',933,,415,3,,,0
66019,'1489869',1003,,416,3,,,0
66019,'1489870',1033,,417,3,,,0
66019,'1489871',1103,,418,3,,,0
66019,'1489872',1133,,419,3,,,0
66019,'1489873',1203,,420,3,,,0
66019,'1489874',1233,,421,3,,,0
66019,'1489875',1303,,422,3,,,0
66019,'1489876',1333,,423,3,,,0
66019,'1489877',1403,,424,3,,,0
66019,'1489878',1433,,425,3,,,0
66019,'1489879',1503,,426,3,,,0
66019,'1489880',1533,,427,3,,,0
66019,'1489881',1603,,428,3,,,0
66019,'1489882',1633,,429,3,,,0
66019,'1489883',1703,,430,3,,,0
66019,'1491659',803,,744,3,,,0
66019,'1491660',833,,745,3,,,0
66019,'1491661',903,,746,3,,,0
66019,'1491662',933,,747,3,,,0
66019,'1491663',1003,,748,3,,,0
66019,'1491664',1033,,749,3,,,0
66019,'1491665',1103,,750,3,,,0
66019,'1491666',1133,,751,3,,,0
66019,'1491667',1203,,752,3,,,0
66019,'1491668',1233,,753,3,,,0
66019,'1491669',1303,,754,3,,,0
66019,'1491670',1333,,755,3,,,0
66019,'1491671',1403,,756,3,,,0
66019,'1491672',1433,,757,3,,,0
66019,'1491673',1503,,758,3,,,0
66019,'1491674',1533,,759,3,,,0
66019,'1491675',1603,,760,3,,,0
66019,'1491676',1633,,761,3,,,0
66019,'1491677',1703,,762,3,,,0
