12019,'1488124',720,,1637,12,0,12 13,0
12019,'1488125',820,,1638,12,0,12 13,0
12019,'1488126',920,,1639,12,0,12 13,0
12019,'1488127',1020,,1640,12,0,12 13,0
12019,'1488128',1120,,1641,12,0,12 13,0
12019,'1488129',1220,,1642,12,0,12 13,0
12019,'1488130',1320,,1643,12,0,12 13,0
12019,'1488131',1420,,1644,12,0,12 13,0
12019,'1488132',1520,,1645,12,0,12 13,0
12019,'1488133',1620,,1646,12,0,12 13,0
12019,'1488134',1720,,1647,12,0,12 13,0
12019,'1488135',1820,,1648,12,0,12 13,0
12019,'1488136',820,,1649,12,0,12 13,0
12019,'1488137',920,,1650,12,0,12 13,0
12019,'1488138',1020,,1651,12,0,12 13,0
12019,'1488139',1120,,1652,12,0,12 13,0
12019,'1488140',1220,,1653,12,0,12 13,0
12019,'1488141',1320,,1654,12,0,12 13,0
12019,'1488142',1420,,1655,12,0,12 13,0
12019,'1488143',1520,,1656,12,0,12 13,0
12019,'1488144',1620,,1657,12,0,12 13,0
12019,'1488145',1720,,1658,12,0,12 13,0
12019,'1488146',1820,,1659,12,0,12 13,0
