93019,'1497427',717,,1706,9,0,5,0
93019,'1497428',817,,1707,9,0,5,0
93019,'1497429',917,,1708,9,0,5,0
93019,'1497430',1017,,1709,9,0,5,0
93019,'1497431',1117,,1710,9,0,5,0
93019,'1497432',1217,,1711,9,0,5,0
93019,'1497433',1317,,1712,9,0,5,0
93019,'1497434',1417,,1713,9,0,5,0
93019,'1497435',1517,,1714,9,0,5,0
93019,'1497436',1617,,1715,9,0,5,0
93019,'1497437',1717,,1716,9,0,5,0
901019,'1490032',757,,1584,9,,,0
901019,'1490033',917,,1585,9,,,0
901019,'1490034',1037,,1586,9,,,0
901019,'1490035',1157,,1587,9,,,0
901019,'1490036',1317,,1588,9,,,0
901019,'1490037',1437,,1589,9,,,0
901019,'1490038',1557,,1590,9,,,0
901019,'1490039',1717,,1591,9,,,0
901019,'1490040',1837,,1592,9,,,0
901019,'1490041',1957,,1593,9,,,0
901019,'1490042',2117,,1594,9,,,0
901019,'1497372',637,,1595,9,,,0
901019,'1497373',737,,1596,9,,,0
901019,'1497374',837,,1597,9,,,0
901019,'1497375',937,,1598,9,,,0
901019,'1497376',1037,,1599,9,,,0
901019,'1497377',1137,,1600,9,,,0
901019,'1497378',1237,,1601,9,,,0
901019,'1497379',1337,,1602,9,,,0
901019,'1497380',1437,,1603,9,,,0
901019,'1497381',1537,,1604,9,,,0
901019,'1497382',1637,,1605,9,,,0
901019,'1497383',1737,,1606,9,,,0
901019,'1497384',1837,,1607,9,,,0
901019,'1497385',1957,,1608,9,,,0
901019,'1497386',2117,,1609,9,,,0
902019,'1490054',1917,,1610,35,,,0
902019,'1490055',2037,,1611,35,,,0
902019,'1490056',2157,,1612,35,,,0
902019,'1490057',837,,1613,35,,,0
902019,'1490058',957,,1614,35,,,0
902019,'1490059',1117,,1615,35,,,0
902019,'1490060',1237,,1616,35,,,0
902019,'1490061',1357,,1617,35,,,0
902019,'1490062',1517,,1618,35,,,0
902019,'1490063',1637,,1619,35,,,0
902019,'1490064',1757,,1620,35,,,0
902019,'1490065',1917,,1621,35,,,0
902019,'1490066',2037,,1622,35,,,0
902019,'1490067',2157,,1623,35,,,0
902019,'1490068',1757,,1624,9,,,0
902019,'1497387',657,,1625,9,,,0
902019,'1497388',757,,1626,9,,,0
902019,'1497389',857,,1627,9,,,0
902019,'1497390',957,,1628,9,,,0
902019,'1497391',1057,,1629,9,,,0
902019,'1497392',1157,,1630,9,,,0
902019,'1497393',1257,,1631,9,,,0
902019,'1497394',1357,,1632,9,,,0
902019,'1497395',1457,,1633,9,,,0
902019,'1497396',1557,,1634,9,,,0
902019,'1497397',1657,,1635,9,,,0
30000019,'1496023',900,,1329,23,,,0
30000019,'1496024',1000,,1330,23,,,0
30000019,'1496025',1100,,1331,23,,,0
30000019,'1496026',1200,,1332,23,,,0
30000019,'1496027',1300,,1333,23,,,0
30000019,'1496028',1400,,1334,23,,,0
30000019,'1496029',1500,,1335,23,,,0
30000019,'1496030',1600,,1336,23,,,0
30000019,'1496031',1700,,1337,23,,,0
