15019,'1492887',1847,,1660,20,,,0,53,,1660,35,,,0
15019,'1492888',1947,,1661,20,,,0,53,,1661,35,,,0
15019,'1492889',2047,,1662,20,,,0,53,,1662,35,,,0
15019,'1492890',2147,,1663,20,,,0,53,,1663,35,,,0
15019,'1495961',647,,1664,20,,,0,53,,1664,35,,,0
15019,'1495962',747,,1665,20,,,0,53,,1665,35,,,0
15019,'1495963',847,,1666,20,,,0,53,,1666,35,,,0
15019,'1495964',947,,1667,20,,,0,53,,1667,35,,,0
15019,'1495965',1047,,1668,20,,,0,53,,1668,35,,,0
15019,'1495966',1147,,1669,20,,,0,53,,1669,35,,,0
15019,'1495967',1247,,1670,20,,,0,53,,1670,35,,,0
15019,'1495968',1347,,1671,20,,,0,53,,1671,35,,,0
15019,'1495969',1447,,1672,20,,,0,53,,1672,35,,,0
15019,'1495970',1547,,1673,20,,,0,53,,1673,35,,,0
15019,'1495971',1647,,1674,20,,,0,53,,1674,35,,,0
15019,'1495972',1747,,1675,20,,,0,53,,1675,35,,,0
15019,'1497631',647,,1676,20,,,0,53,,1676,35,,,0
15019,'1497632',747,,1677,20,,,0,53,,1677,35,,,0
15019,'1497633',847,,1678,20,,,0,53,,1678,35,,,0
15019,'1497634',947,,1679,20,,,0,53,,1679,35,,,0
15019,'1497635',1047,,1680,20,,,0,53,,1680,35,,,0
15019,'1497636',1147,,1681,20,,,0,53,,1681,35,,,0
15019,'1497637',1247,,1682,20,,,0,53,,1682,35,,,0
15019,'1497638',1347,,1683,20,,,0,53,,1683,35,,,0
15019,'1497639',1447,,1684,20,,,0,53,,1684,35,,,0
15019,'1497640',1547,,1685,20,,,0,53,,1685,35,,,0
15019,'1497641',1647,,1686,20,,,0,53,,1686,35,,,0
15019,'1497642',1747,,1687,20,,,0,53,,1687,35,,,0
15019,'1497643',1847,,1688,20,,,0,53,,1688,35,,,0
15019,'1497644',1947,,1689,20,,,0,53,,1689,35,,,0
15019,'1497645',2047,,1690,20,,,0,53,,1690,35,,,0
15019,'1497646',2147,,1691,20,,,0,53,,1691,35,,,0
15019,'1497647',847,,1692,20,,,0,53,,1692,35,,,0
15019,'1497648',947,,1693,20,,,0,53,,1693,35,,,0
15019,'1497649',1047,,1694,20,,,0,53,,1694,35,,,0
15019,'1497650',1147,,1695,20,,,0,53,,1695,35,,,0
15019,'1497651',1247,,1696,20,,,0,53,,1696,35,,,0
15019,'1497652',1347,,1697,20,,,0,53,,1697,35,,,0
15019,'1497653',1447,,1698,20,,,0,53,,1698,35,,,0
15019,'1497654',1547,,1699,20,,,0,53,,1699,35,,,0
15019,'1497655',1647,,1700,20,,,0,53,,1700,35,,,0
15019,'1497656',1747,,1701,20,,,0,53,,1701,35,,,0
15019,'1497657',1847,,1702,20,,,0,53,,1702,35,,,0
15019,'1497658',1947,,1703,20,,,0,53,,1703,35,,,0
15019,'1497659',2047,,1704,20,,,0,53,,1704,35,,,0
15019,'1497660',2147,,1705,20,,,0,53,,1705,35,,,0
