66019,'1491659',810,,744,10,,,0
66019,'1491660',840,,745,10,,,0
66019,'1491661',910,,746,10,,,0
66019,'1491662',940,,747,10,,,0
66019,'1491663',1010,,748,10,,,0
66019,'1491664',1040,,749,10,,,0
66019,'1491665',1110,,750,10,,,0
66019,'1491666',1140,,751,10,,,0
66019,'1491667',1210,,752,10,,,0
66019,'1491668',1240,,753,10,,,0
66019,'1491669',1310,,754,10,,,0
66019,'1491670',1340,,755,10,,,0
66019,'1491671',1410,,756,10,,,0
66019,'1491672',1440,,757,10,,,0
66019,'1491673',1510,,758,10,,,0
66019,'1491674',1540,,759,10,,,0
66019,'1491675',1610,,760,10,,,0
66019,'1491676',1640,,761,10,,,0
66019,'1491677',1710,,762,10,,,0
