16019,'1497350',740,,1563,2,0,9 10,0
16019,'1497351',840,,1564,2,0,9 10,0
16019,'1497352',940,,1565,2,0,9 10,0
16019,'1497353',1040,,1566,2,0,9 10,0
16019,'1497354',1140,,1567,2,0,9 10,0
16019,'1497355',1240,,1568,2,0,9 10,0
16019,'1497356',1340,,1569,2,0,9 10,0
16019,'1497357',1440,,1570,2,0,9 10,0
16019,'1497358',1540,,1571,2,0,9 10,0
16019,'1497359',1640,,1572,2,0,9 10,0
16019,'1497360',1740,,1573,2,0,9 10,0
16019,'1497361',840,,1574,2,0,9 10,0
16019,'1497362',940,,1575,2,0,9 10,0
16019,'1497363',1040,,1576,2,0,9 10,0
16019,'1497364',1140,,1577,2,0,9 10,0
16019,'1497365',1240,,1578,2,0,9 10,0
16019,'1497366',1340,,1579,2,0,9 10,0
16019,'1497367',1440,,1580,2,0,9 10,0
16019,'1497368',1540,,1581,2,0,9 10,0
16019,'1497369',1640,,1582,2,0,9 10,0
16019,'1497370',1740,,1583,2,0,9 10,0
93019,'1497427',741,,1706,27,,,0
93019,'1497428',841,,1707,27,,,0
93019,'1497429',941,,1708,27,,,0
93019,'1497430',1041,,1709,27,,,0
93019,'1497431',1141,,1710,27,,,0
93019,'1497432',1241,,1711,27,,,0
93019,'1497433',1341,,1712,27,,,0
93019,'1497434',1441,,1713,27,,,0
93019,'1497435',1541,,1714,27,,,0
93019,'1497436',1641,,1715,27,,,0
93019,'1497437',1741,,1716,27,,,0
901019,'1490032',821,,1584,27,0,6,0
901019,'1490033',941,,1585,27,0,6,0
901019,'1490034',1101,,1586,27,0,6,0
901019,'1490035',1221,,1587,27,0,6,0
901019,'1490036',1341,,1588,27,0,6,0
901019,'1490037',1501,,1589,27,0,6,0
901019,'1490038',1621,,1590,27,0,6,0
901019,'1490039',1741,,1591,27,0,6,0
901019,'1490040',1901,,1592,27,0,6,0
901019,'1490041',2021,,1593,27,0,6,0
901019,'1490042',2141,,1594,27,0,6,0
901019,'1497372',701,,1595,27,0,6,0
901019,'1497373',801,,1596,27,0,6,0
901019,'1497374',901,,1597,27,0,6,0
901019,'1497375',1001,,1598,27,0,6,0
901019,'1497376',1101,,1599,27,0,6,0
901019,'1497377',1201,,1600,27,0,6,0
901019,'1497378',1301,,1601,27,0,6,0
901019,'1497379',1401,,1602,27,0,6,0
901019,'1497380',1501,,1603,27,0,6,0
901019,'1497381',1601,,1604,27,0,6,0
901019,'1497382',1701,,1605,27,0,6,0
901019,'1497383',1801,,1606,27,0,6,0
901019,'1497384',1901,,1607,27,0,6,0
901019,'1497385',2021,,1608,27,0,6,0
901019,'1497386',2141,,1609,27,0,6,0
902019,'1490054',1941,,1610,53,0,6,0
902019,'1490055',2101,,1611,53,0,6,0
902019,'1490056',2221,,1612,53,0,6,0
902019,'1490057',901,,1613,53,0,6,0
902019,'1490058',1021,,1614,53,0,6,0
902019,'1490059',1141,,1615,53,0,6,0
902019,'1490060',1301,,1616,53,0,6,0
902019,'1490061',1421,,1617,53,0,6,0
902019,'1490062',1541,,1618,53,0,6,0
902019,'1490063',1701,,1619,53,0,6,0
902019,'1490064',1821,,1620,53,0,6,0
902019,'1490065',1941,,1621,53,0,6,0
902019,'1490066',2101,,1622,53,0,6,0
902019,'1490067',2221,,1623,53,0,6,0
902019,'1490068',1821,,1624,27,0,6,0
902019,'1497387',721,,1625,27,0,6,0
902019,'1497388',821,,1626,27,0,6,0
902019,'1497389',921,,1627,27,0,6,0
902019,'1497390',1021,,1628,27,0,6,0
902019,'1497391',1121,,1629,27,0,6,0
902019,'1497392',1221,,1630,27,0,6,0
902019,'1497393',1321,,1631,27,0,6,0
902019,'1497394',1421,,1632,27,0,6,0
902019,'1497395',1521,,1633,27,0,6,0
902019,'1497396',1621,,1634,27,0,6,0
902019,'1497397',1721,,1635,27,0,6,0
