12019,'1490514',727,,1540,19,0,12 13,0
12019,'1490515',827,,1541,19,0,12 13,0
12019,'1490516',927,,1542,19,0,12 13,0
12019,'1490517',1027,,1543,19,0,12 13,0
12019,'1490518',1127,,1544,19,0,12 13,0
12019,'1490519',1227,,1545,19,0,12 13,0
12019,'1490520',1327,,1546,19,0,12 13,0
12019,'1490521',1427,,1547,19,0,12 13,0
12019,'1490522',1527,,1548,19,0,12 13,0
12019,'1490523',1627,,1549,19,0,12 13,0
12019,'1490524',1727,,1550,19,0,12 13,0
12019,'1490525',1827,,1551,19,0,12 13,0
12019,'1490526',827,,1552,19,0,12 13,0
12019,'1490527',927,,1553,19,0,12 13,0
12019,'1490528',1027,,1554,19,0,12 13,0
12019,'1490529',1127,,1555,19,0,12 13,0
12019,'1490530',1227,,1556,19,0,12 13,0
12019,'1490531',1327,,1557,19,0,12 13,0
12019,'1490532',1427,,1558,19,0,12 13,0
12019,'1490533',1527,,1559,19,0,12 13,0
12019,'1490534',1627,,1560,19,0,12 13,0
12019,'1490535',1727,,1561,19,0,12 13,0
12019,'1490536',1827,,1562,19,0,12 13,0
