19019,'1489098',642,,1214,11,,,0
19019,'1489099',722,,1215,11,,,0
19019,'1489100',802,,1216,11,,,0
19019,'1489101',842,,1217,11,,,0
19019,'1489102',922,,1218,11,,,0
19019,'1489103',1002,,1219,11,,,0
19019,'1489104',1042,,1220,11,,,0
19019,'1489105',1122,,1221,11,,,0
19019,'1489106',1202,,1222,11,,,0
19019,'1489107',1242,,1223,11,,,0
19019,'1489108',1322,,1224,11,,,0
19019,'1489109',1402,,1225,11,,,0
19019,'1489110',1442,,1226,11,,,0
19019,'1489111',1522,,1227,11,,,0
19019,'1489112',1602,,1228,11,,,0
19019,'1489113',1642,,1229,11,,,0
19019,'1489114',1722,,1230,11,,,0
19019,'1489115',1802,,1231,11,,,0
19019,'1489116',702,,1232,11,,,0
19019,'1489117',742,,1233,11,,,0
19019,'1489118',822,,1234,11,,,0
19019,'1489119',902,,1235,11,,,0
19019,'1489120',942,,1236,11,,,0
19019,'1489121',1022,,1237,11,,,0
19019,'1489122',1102,,1238,11,,,0
19019,'1489123',1142,,1239,11,,,0
19019,'1489124',1222,,1240,11,,,0
19019,'1489125',1302,,1241,11,,,0
19019,'1489126',1342,,1242,11,,,0
19019,'1489127',1422,,1243,11,,,0
19019,'1489128',1502,,1244,11,,,0
19019,'1489129',1542,,1245,11,,,0
19019,'1489130',1622,,1246,11,,,0
19019,'1489131',1702,,1247,11,,,0
19019,'1489132',1742,,1248,11,,,0
901019,'1490032',842,,1584,43,0,16 17,0
901019,'1490033',1002,,1585,43,0,16 17,0
901019,'1490034',1122,,1586,43,0,16 17,0
901019,'1490035',1242,,1587,43,0,16 17,0
901019,'1490036',1402,,1588,43,0,16 17,0
901019,'1490037',1522,,1589,43,0,16 17,0
901019,'1490038',1642,,1590,43,0,16 17,0
901019,'1490039',1802,,1591,43,0,16 17,0
901019,'1490040',1922,,1592,43,0,16 17,0
901019,'1490041',2042,,1593,43,0,16 17,0
901019,'1490042',2202,,1594,43,0,16 17,0
901019,'1497384',1922,,1607,43,0,16 17,0
901019,'1497385',2042,,1608,43,0,16 17,0
901019,'1497386',2202,,1609,43,0,16 17,0
902019,'1490054',1842,,1610,11,0,16 17,0
902019,'1490055',2002,,1611,11,0,16 17,0
902019,'1490056',2122,,1612,11,0,16 17,0
902019,'1490057',802,,1613,11,0,16 17,0
902019,'1490058',922,,1614,11,0,16 17,0
902019,'1490059',1042,,1615,11,0,16 17,0
902019,'1490060',1202,,1616,11,0,16 17,0
902019,'1490061',1322,,1617,11,0,16 17,0
902019,'1490062',1442,,1618,11,0,16 17,0
902019,'1490063',1602,,1619,11,0,16 17,0
902019,'1490064',1722,,1620,11,0,16 17,0
902019,'1490065',1842,,1621,11,0,16 17,0
902019,'1490066',2002,,1622,11,0,16 17,0
902019,'1490067',2122,,1623,11,0,16 17,0
