93019,'1496012',715,,1295,6,0,5,0
93019,'1496013',815,,1296,6,0,5,0
93019,'1496014',915,,1297,6,0,5,0
93019,'1496015',1015,,1298,6,0,5,0
93019,'1496016',1115,,1299,6,0,5,0
93019,'1496017',1215,,1300,6,0,5,0
93019,'1496018',1315,,1301,6,0,5,0
93019,'1496019',1415,,1302,6,0,5,0
93019,'1496020',1515,,1303,6,0,5,0
93019,'1496021',1615,,1304,6,0,5,0
93019,'1496022',1715,,1305,6,0,5,0
901019,'1490032',755,,1584,6,,,0
901019,'1490033',915,,1585,6,,,0
901019,'1490034',1035,,1586,6,,,0
901019,'1490035',1155,,1587,6,,,0
901019,'1490036',1315,,1588,6,,,0
901019,'1490037',1435,,1589,6,,,0
901019,'1490038',1555,,1590,6,,,0
901019,'1490039',1715,,1591,6,,,0
901019,'1490040',1835,,1592,6,,,0
901019,'1490041',1955,,1593,6,,,0
901019,'1490042',2115,,1594,6,,,0
901019,'1497372',635,,1595,6,,,0
901019,'1497373',735,,1596,6,,,0
901019,'1497374',835,,1597,6,,,0
901019,'1497375',935,,1598,6,,,0
901019,'1497376',1035,,1599,6,,,0
901019,'1497377',1135,,1600,6,,,0
901019,'1497378',1235,,1601,6,,,0
901019,'1497379',1335,,1602,6,,,0
901019,'1497380',1435,,1603,6,,,0
901019,'1497381',1535,,1604,6,,,0
901019,'1497382',1635,,1605,6,,,0
901019,'1497383',1735,,1606,6,,,0
901019,'1497384',1835,,1607,6,,,0
901019,'1497385',1955,,1608,6,,,0
901019,'1497386',2115,,1609,6,,,0
902019,'1490054',1915,,1610,32,,,0
902019,'1490055',2035,,1611,32,,,0
902019,'1490056',2155,,1612,32,,,0
902019,'1490057',835,,1613,32,,,0
902019,'1490058',955,,1614,32,,,0
902019,'1490059',1115,,1615,32,,,0
902019,'1490060',1235,,1616,32,,,0
902019,'1490061',1355,,1617,32,,,0
902019,'1490062',1515,,1618,32,,,0
902019,'1490063',1635,,1619,32,,,0
902019,'1490064',1755,,1620,32,,,0
902019,'1490065',1915,,1621,32,,,0
902019,'1490066',2035,,1622,32,,,0
902019,'1490067',2155,,1623,32,,,0
902019,'1490068',1755,,1624,6,,,0
902019,'1497387',655,,1625,6,,,0
902019,'1497388',755,,1626,6,,,0
902019,'1497389',855,,1627,6,,,0
902019,'1497390',955,,1628,6,,,0
902019,'1497391',1055,,1629,6,,,0
902019,'1497392',1155,,1630,6,,,0
902019,'1497393',1255,,1631,6,,,0
902019,'1497394',1355,,1632,6,,,0
902019,'1497395',1455,,1633,6,,,0
902019,'1497396',1555,,1634,6,,,0
902019,'1497397',1655,,1635,6,,,0
