2019,'1492775',638,,1425,12,,,0
2019,'1492776',718,,1426,12,,,0
2019,'1492777',758,,1427,12,,,0
2019,'1492778',838,,1428,12,,,0
2019,'1492779',918,,1429,12,,,0
2019,'1492780',958,,1430,12,,,0
2019,'1492781',1038,,1431,12,,,0
2019,'1492782',1118,,1432,12,,,0
2019,'1492783',1158,,1433,12,,,0
2019,'1492784',1238,,1434,12,,,0
2019,'1492785',1318,,1435,12,,,0
2019,'1492786',1358,,1436,12,,,0
2019,'1492787',1438,,1437,12,,,0
2019,'1492788',1518,,1438,12,,,0
2019,'1492789',1558,,1439,12,,,0
2019,'1492790',1638,,1440,12,,,0
2019,'1492791',1718,,1441,12,,,0
2019,'1492792',1758,,1442,12,,,0
2019,'1495973',818,,1443,29,,,0
2019,'1495974',858,,1444,29,,,0
2019,'1495975',938,,1445,29,,,0
2019,'1495976',1018,,1446,29,,,0
2019,'1495977',1058,,1447,29,,,0
2019,'1495978',1138,,1448,29,,,0
2019,'1495979',1218,,1449,29,,,0
2019,'1495980',1258,,1450,29,,,0
2019,'1495981',1338,,1451,29,,,0
2019,'1495982',1418,,1452,29,,,0
2019,'1495983',1458,,1453,29,,,0
2019,'1495984',1538,,1454,29,,,0
2019,'1495985',1618,,1455,29,,,0
2019,'1495986',1658,,1456,29,,,0
2019,'1495987',1738,,1457,29,,,0
2019,'1495988',1818,,1458,29,,,0
