2019,'1486350',645,,1505,21,,,0
2019,'1486351',725,,1506,21,,,0
2019,'1486352',805,,1507,21,,,0
2019,'1486353',845,,1508,21,,,0
2019,'1486354',925,,1509,21,,,0
2019,'1486355',1005,,1510,21,,,0
2019,'1486356',1045,,1511,21,,,0
2019,'1486357',1125,,1512,21,,,0
2019,'1486358',1205,,1513,21,,,0
2019,'1486359',1245,,1514,21,,,0
2019,'1486360',1325,,1515,21,,,0
2019,'1486361',1405,,1516,21,,,0
2019,'1486362',1445,,1517,21,,,0
2019,'1486363',1525,,1518,21,,,0
2019,'1486364',1605,,1519,21,,,0
2019,'1486365',1645,,1520,21,,,0
2019,'1486366',1725,,1521,21,,,0
2019,'1486367',825,,1522,38,,,0
2019,'1486368',905,,1523,38,,,0
2019,'1486369',945,,1524,38,,,0
2019,'1486370',1025,,1525,38,,,0
2019,'1486371',1105,,1526,38,,,0
2019,'1486372',1145,,1527,38,,,0
2019,'1486373',1225,,1528,38,,,0
2019,'1486374',1305,,1529,38,,,0
2019,'1486375',1345,,1530,38,,,0
2019,'1486376',1425,,1531,38,,,0
2019,'1486377',1505,,1532,38,,,0
2019,'1486378',1545,,1533,38,,,0
2019,'1486379',1625,,1534,38,,,0
2019,'1486380',1705,,1535,38,,,0
2019,'1486381',1745,,1536,38,,,0
2019,'1486382',1825,,1537,38,,,0
2019,'1486958',1805,,1538,21,,,0
4019,'1480746',626,,63,5,,,0
4019,'1480747',746,,64,5,,,0
15019,'1480582',626,,255,7,0,6,0
15019,'1480583',826,,256,7,0,6,0
