20019,'1497182',635,,1459,6,,,0
20019,'1497183',715,,1460,6,,,0
20019,'1497184',755,,1461,6,,,0
20019,'1497185',835,,1462,6,,,0
20019,'1497186',915,,1463,6,,,0
20019,'1497187',955,,1464,6,,,0
20019,'1497188',1035,,1465,6,,,0
20019,'1497189',1115,,1466,6,,,0
20019,'1497190',1155,,1467,6,,,0
20019,'1497191',1235,,1468,6,,,0
20019,'1497192',1315,,1469,6,,,0
20019,'1497193',1355,,1470,6,,,0
20019,'1497194',1435,,1471,6,,,0
20019,'1497195',1515,,1472,6,,,0
20019,'1497196',1555,,1473,6,,,0
20019,'1497197',1635,,1474,6,,,0
20019,'1497198',1715,,1475,6,,,0
20019,'1497199',1755,,1476,6,,,0
20019,'1497200',1835,,1477,6,,,0
20019,'1497201',1915,,1478,6,,,0
20019,'1497202',1955,,1479,6,,,0
20019,'1497203',2035,,1480,6,,,0
20019,'1497204',2115,,1481,6,,,0
20019,'1497205',2155,,1482,6,,,0
20019,'1497206',755,,1483,6,,,0
20019,'1497207',835,,1484,6,,,0
20019,'1497208',915,,1485,6,,,0
20019,'1497209',955,,1486,6,,,0
20019,'1497210',1035,,1487,6,,,0
20019,'1497211',1115,,1488,6,,,0
20019,'1497212',1155,,1489,6,,,0
20019,'1497213',1235,,1490,6,,,0
20019,'1497214',1315,,1491,6,,,0
20019,'1497215',1355,,1492,6,,,0
20019,'1497216',1435,,1493,6,,,0
20019,'1497217',1515,,1494,6,,,0
20019,'1497218',1555,,1495,6,,,0
20019,'1497219',1635,,1496,6,,,0
20019,'1497220',1715,,1497,6,,,0
20019,'1497221',1755,,1498,6,,,0
20019,'1497222',1835,,1499,6,,,0
20019,'1497223',1915,,1500,6,,,0
20019,'1497224',1955,,1501,6,,,0
20019,'1497225',2035,,1502,6,,,0
20019,'1497226',2115,,1503,6,,,0
20019,'1497227',2155,,1504,6,,,0
