1019,'1482680',754,,3,2,0,18,0
1019,'1482681',834,,4,2,0,18,0
1019,'1482682',914,,5,2,0,18,0
1019,'1482683',954,,6,2,0,18,0
1019,'1482684',1034,,7,2,0,18,0
1019,'1482685',1114,,8,2,0,18,0
1019,'1482686',1154,,9,2,0,18,0
1019,'1482687',1234,,10,2,0,18,0
1019,'1482688',1314,,11,2,0,18,0
1019,'1482689',1354,,12,2,0,18,0
1019,'1482690',1434,,13,2,0,18,0
1019,'1482691',1514,,14,2,0,18,0
1019,'1482692',1554,,15,2,0,18,0
1019,'1482693',1634,,16,2,0,18,0
1019,'1482694',1714,,17,2,0,18,0
1019,'1482695',1754,,18,2,0,18,0
1019,'1482696',1834,,19,2,0,18,0
1019,'1482697',1914,,20,2,0,18,0
1019,'1482698',1954,,21,2,0,18,0
1019,'1482699',2034,,22,2,0,18,0
1019,'1482700',2114,,23,2,0,18,0
1019,'1482701',2154,,24,2,0,18,0
2019,'1486350',652,,1338,24,,,0
2019,'1486351',732,,1339,24,,,0
2019,'1486352',812,,1340,24,,,0
2019,'1486353',852,,1341,24,,,0
2019,'1486354',932,,1342,24,,,0
2019,'1486355',1012,,1343,24,,,0
2019,'1486356',1052,,1344,24,,,0
2019,'1486357',1132,,1345,24,,,0
2019,'1486358',1212,,1346,24,,,0
2019,'1486359',1252,,1347,24,,,0
2019,'1486360',1332,,1348,24,,,0
2019,'1486361',1412,,1349,24,,,0
2019,'1486362',1452,,1350,24,,,0
2019,'1486363',1532,,1351,24,,,0
2019,'1486364',1612,,1352,24,,,0
2019,'1486365',1652,,1353,24,,,0
2019,'1486366',1732,,1354,24,,,0
2019,'1486958',1812,,1371,24,,,0
2019,'1492775',652,,1425,24,,,0
2019,'1492776',732,,1426,24,,,0
2019,'1492777',812,,1427,24,,,0
2019,'1492778',852,,1428,24,,,0
2019,'1492779',932,,1429,24,,,0
2019,'1492780',1012,,1430,24,,,0
2019,'1492781',1052,,1431,24,,,0
2019,'1492782',1132,,1432,24,,,0
2019,'1492783',1212,,1433,24,,,0
2019,'1492784',1252,,1434,24,,,0
2019,'1492785',1332,,1435,24,,,0
2019,'1492786',1412,,1436,24,,,0
2019,'1492787',1452,,1437,24,,,0
2019,'1492788',1532,,1438,24,,,0
2019,'1492789',1612,,1439,24,,,0
2019,'1492790',1652,,1440,24,,,0
2019,'1492791',1732,,1441,24,,,0
2019,'1492792',1812,,1442,24,,,0
2019,'1495973',753,,1443,2,,,0
2019,'1495974',833,,1444,2,,,0
2019,'1495975',913,,1445,2,,,0
2019,'1495976',953,,1446,2,,,0
2019,'1495977',1033,,1447,2,,,0
2019,'1495978',1113,,1448,2,,,0
2019,'1495979',1153,,1449,2,,,0
2019,'1495980',1233,,1450,2,,,0
2019,'1495981',1313,,1451,2,,,0
2019,'1495982',1353,,1452,2,,,0
2019,'1495983',1433,,1453,2,,,0
2019,'1495984',1513,,1454,2,,,0
2019,'1495985',1553,,1455,2,,,0
2019,'1495986',1633,,1456,2,,,0
2019,'1495987',1713,,1457,2,,,0
2019,'1495988',1753,,1458,2,,,0
4019,'1489036',632,,65,2,,,0
4019,'1489037',712,,66,2,,,0
4019,'1489038',752,,67,2,,,0
4019,'1489039',832,,68,2,,,0
4019,'1489040',912,,69,2,,,0
4019,'1489041',952,,70,2,,,0
4019,'1489042',1032,,71,2,,,0
4019,'1489043',1112,,72,2,,,0
4019,'1489044',1152,,73,2,,,0
4019,'1489045',1232,,74,2,,,0
4019,'1489046',1312,,75,2,,,0
4019,'1489047',1352,,76,2,,,0
4019,'1489048',1432,,77,2,,,0
4019,'1489049',1512,,78,2,,,0
4019,'1489050',1552,,79,2,,,0
4019,'1489051',1632,,80,2,,,0
4019,'1489052',1712,,81,2,,,0
4019,'1489053',1752,,82,2,,,0
4019,'1489054',1832,,83,2,,,0
4019,'1489055',1912,,84,2,,,0
4019,'1489056',1952,,85,2,,,0
4019,'1489057',2032,,86,2,,,0
4019,'1489058',2112,,87,2,,,0
4019,'1489059',2152,,88,2,,,0
4019,'1489060',752,,89,2,,,0
4019,'1489061',832,,90,2,,,0
4019,'1489062',912,,91,2,,,0
4019,'1489063',952,,92,2,,,0
4019,'1489064',1032,,93,2,,,0
4019,'1489065',1112,,94,2,,,0
4019,'1489066',1152,,95,2,,,0
4019,'1489067',1232,,96,2,,,0
4019,'1489068',1312,,97,2,,,0
4019,'1489069',1352,,98,2,,,0
4019,'1489070',1432,,99,2,,,0
4019,'1489071',1512,,100,2,,,0
4019,'1489072',1552,,101,2,,,0
4019,'1489073',1632,,102,2,,,0
4019,'1489074',1712,,103,2,,,0
4019,'1489075',1752,,104,2,,,0
4019,'1489076',1832,,105,2,,,0
4019,'1489077',1912,,106,2,,,0
4019,'1489078',1952,,107,2,,,0
4019,'1489079',2032,,108,2,,,0
4019,'1489080',2112,,109,2,,,0
4019,'1489081',2152,,110,2,,,0
