1019,'1485865',634,,26,3,0,11,0
1019,'1485866',714,,27,3,0,11,0
1019,'1485867',754,,28,3,0,11,0
1019,'1485868',834,,29,3,0,11,0
1019,'1485869',914,,30,3,0,11,0
1019,'1485870',954,,31,3,0,11,0
1019,'1485871',1034,,32,3,0,11,0
1019,'1485872',1114,,33,3,0,11,0
1019,'1485873',1154,,34,3,0,11,0
1019,'1485874',1234,,35,3,0,11,0
1019,'1485875',1314,,36,3,0,11,0
1019,'1485876',1354,,37,3,0,11,0
1019,'1485877',1434,,38,3,0,11,0
1019,'1485878',1514,,39,3,0,11,0
1019,'1485879',1554,,40,3,0,11,0
1019,'1485880',1634,,41,3,0,11,0
1019,'1485881',1714,,42,3,0,11,0
1019,'1485882',1754,,43,3,0,11,0
1019,'1485883',754,,869,3,0,11,0
1019,'1485884',834,,870,3,0,11,0
1019,'1485885',914,,871,3,0,11,0
1019,'1485886',954,,872,3,0,11,0
1019,'1485887',1034,,873,3,0,11,0
1019,'1485888',1114,,874,3,0,11,0
1019,'1485889',1154,,875,3,0,11,0
1019,'1485890',1234,,876,3,0,11,0
1019,'1485891',1314,,877,3,0,11,0
1019,'1485892',1354,,878,3,0,11,0
1019,'1485893',1434,,879,3,0,11,0
1019,'1485894',1514,,880,3,0,11,0
1019,'1485895',1554,,881,3,0,11,0
1019,'1485896',1634,,882,3,0,11,0
1019,'1485897',1714,,883,3,0,11,0
1019,'1485898',1754,,884,3,0,11,0
3019,'1486996',813,,1149,26,,,0
3019,'1486997',853,,1150,26,,,0
3019,'1486998',933,,1151,26,,,0
3019,'1486999',1013,,1152,26,,,0
3019,'1487000',1053,,1153,26,,,0
3019,'1487001',1133,,1154,26,,,0
3019,'1487002',1213,,1155,26,,,0
3019,'1487003',1253,,1156,26,,,0
3019,'1487004',1333,,1157,26,,,0
3019,'1487005',1413,,1158,26,,,0
3019,'1487006',1453,,1159,26,,,0
3019,'1487007',1533,,1160,26,,,0
3019,'1487008',1613,,1161,26,,,0
3019,'1487009',1653,,1162,26,,,0
6809,'1480935',846,,1066,7,,,0
6809,'1480939',1546,,1067,7,,,0
