7019,'1489971',712,,113,35,0,7,0
7019,'1489972',752,,114,35,0,7,0
7019,'1489973',832,,115,35,0,7,0
7019,'1489974',912,,116,35,0,7,0
7019,'1489975',952,,117,35,0,7,0
7019,'1489976',1032,,118,35,0,7,0
7019,'1489977',1112,,917,35,0,7,0
7019,'1489978',1152,,918,35,0,7,0
7019,'1489979',1232,,919,35,0,7,0
7019,'1489980',1312,,920,35,0,7,0
7019,'1489981',1352,,921,35,0,7,0
7019,'1489982',1432,,922,35,0,7,0
7019,'1489983',1512,,119,35,0,7,0
7019,'1489984',1552,,120,35,0,7,0
7019,'1489985',1632,,121,35,0,7,0
7019,'1489986',1712,,122,35,0,7,0
7019,'1489987',1752,,123,35,0,7,0
7019,'1489988',1832,,124,35,0,7,0
7019,'1489989',1912,,923,35,0,7,0
7019,'1489990',1952,,924,35,0,7,0
7019,'1489991',2032,,925,35,0,7,0
7019,'1489992',2112,,926,35,0,7,0
7019,'1489993',2152,,927,35,0,7,0
7019,'1489994',2232,,928,35,0,7,0
7019,'1489995',832,,125,35,0,7,0
7019,'1489996',912,,126,35,0,7,0
7019,'1489997',952,,127,35,0,7,0
7019,'1489998',1032,,128,35,0,7,0
7019,'1489999',1112,,129,35,0,7,0
7019,'1490000',1152,,130,35,0,7,0
7019,'1490001',1232,,131,35,0,7,0
7019,'1490002',1312,,132,35,0,7,0
7019,'1490003',1352,,133,35,0,7,0
7019,'1490004',1432,,134,35,0,7,0
7019,'1490005',1512,,135,35,0,7,0
7019,'1490006',1552,,136,35,0,7,0
7019,'1490007',1632,,137,35,0,7,0
7019,'1490008',1712,,138,35,0,7,0
7019,'1490009',1752,,139,35,0,7,0
7019,'1490010',1832,,140,35,0,7,0
7019,'1490011',1912,,929,35,0,7,0
7019,'1490012',1952,,930,35,0,7,0
7019,'1490013',2032,,931,35,0,7,0
7019,'1490014',2112,,932,35,0,7,0
7019,'1490015',2152,,933,35,0,7,0
7019,'1490016',2232,,934,35,0,7,0
