2019,'1486350',635,,1505,10,,,0
2019,'1486351',715,,1506,10,,,0
2019,'1486352',755,,1507,10,,,0
2019,'1486353',835,,1508,10,,,0
2019,'1486354',915,,1509,10,,,0
2019,'1486355',955,,1510,10,,,0
2019,'1486356',1035,,1511,10,,,0
2019,'1486357',1115,,1512,10,,,0
2019,'1486358',1155,,1513,10,,,0
2019,'1486359',1235,,1514,10,,,0
2019,'1486360',1315,,1515,10,,,0
2019,'1486361',1355,,1516,10,,,0
2019,'1486362',1435,,1517,10,,,0
2019,'1486363',1515,,1518,10,,,0
2019,'1486364',1555,,1519,10,,,0
2019,'1486365',1635,,1520,10,,,0
2019,'1486366',1715,,1521,10,,,0
2019,'1486367',815,,1522,27,,,0
2019,'1486368',855,,1523,27,,,0
2019,'1486369',935,,1524,27,,,0
2019,'1486370',1015,,1525,27,,,0
2019,'1486371',1055,,1526,27,,,0
2019,'1486372',1135,,1527,27,,,0
2019,'1486373',1215,,1528,27,,,0
2019,'1486374',1255,,1529,27,,,0
2019,'1486375',1335,,1530,27,,,0
2019,'1486376',1415,,1531,27,,,0
2019,'1486377',1455,,1532,27,,,0
2019,'1486378',1535,,1533,27,,,0
2019,'1486379',1615,,1534,27,,,0
2019,'1486380',1655,,1535,27,,,0
2019,'1486381',1735,,1536,27,,,0
2019,'1486382',1815,,1537,27,,,0
2019,'1486958',1755,,1538,10,,,0
