3019,'1486996',800,,1149,18,,,0
3019,'1486997',846,,1150,18,,,0
3019,'1486998',926,,1151,18,,,0
3019,'1486999',1006,,1152,18,,,0
3019,'1487000',1046,,1153,18,,,0
3019,'1487001',1126,,1154,18,,,0
3019,'1487002',1206,,1155,18,,,0
3019,'1487003',1246,,1156,18,,,0
3019,'1487004',1326,,1157,18,,,0
3019,'1487005',1406,,1158,18,,,0
3019,'1487006',1446,,1159,18,,,0
3019,'1487007',1526,,1160,18,,,0
3019,'1487008',1606,,1161,18,,,0
3019,'1487009',1646,,1162,18,,,0
14019,'1494878',632,,793,6,,,0
14019,'1494879',712,,794,6,,,0
14019,'1494880',752,,795,6,,,0
14019,'1494881',832,,796,6,,,0
14019,'1494882',912,,797,6,,,0
14019,'1494883',952,,798,6,,,0
14019,'1494884',1032,,799,6,,,0
14019,'1494885',1112,,800,6,,,0
14019,'1494886',1152,,801,6,,,0
14019,'1494887',1232,,802,6,,,0
14019,'1494888',1312,,803,6,,,0
14019,'1494889',1352,,804,6,,,0
14019,'1494890',1432,,805,6,,,0
14019,'1494891',1512,,806,6,,,0
14019,'1494892',1552,,807,6,,,0
14019,'1494893',1632,,808,6,,,0
14019,'1494894',1712,,809,6,,,0
14019,'1494895',1752,,810,6,,,0
14019,'1494896',1832,,811,6,,,0
14019,'1494897',1912,,812,6,,,0
14019,'1494898',1952,,813,6,,,0
14019,'1494899',2032,,814,6,,,0
14019,'1494900',2112,,815,6,,,0
14019,'1494901',2152,,816,6,,,0
14019,'1494902',752,,817,6,,,0
14019,'1494903',832,,818,6,,,0
14019,'1494904',912,,819,6,,,0
14019,'1494905',952,,820,6,,,0
14019,'1494906',1032,,821,6,,,0
14019,'1494907',1112,,822,6,,,0
14019,'1494908',1152,,823,6,,,0
14019,'1494909',1232,,824,6,,,0
14019,'1494910',1312,,825,6,,,0
14019,'1494911',1352,,826,6,,,0
14019,'1494912',1432,,827,6,,,0
14019,'1494913',1512,,828,6,,,0
14019,'1494914',1552,,829,6,,,0
14019,'1494915',1632,,830,6,,,0
14019,'1494916',1712,,831,6,,,0
14019,'1494917',1752,,832,6,,,0
14019,'1494918',1832,,833,6,,,0
14019,'1494919',1912,,834,6,,,0
14019,'1494920',1952,,835,6,,,0
14019,'1494921',2032,,836,6,,,0
14019,'1494922',2112,,837,6,,,0
14019,'1494923',2152,,838,6,,,0
