12019,'1490514',721,,1540,14,0,12 13,0
12019,'1490515',821,,1541,14,0,12 13,0
12019,'1490516',921,,1542,14,0,12 13,0
12019,'1490517',1021,,1543,14,0,12 13,0
12019,'1490518',1121,,1544,14,0,12 13,0
12019,'1490519',1221,,1545,14,0,12 13,0
12019,'1490520',1321,,1546,14,0,12 13,0
12019,'1490521',1421,,1547,14,0,12 13,0
12019,'1490522',1521,,1548,14,0,12 13,0
12019,'1490523',1621,,1549,14,0,12 13,0
12019,'1490524',1721,,1550,14,0,12 13,0
12019,'1490525',1821,,1551,14,0,12 13,0
12019,'1490526',821,,1552,14,0,12 13,0
12019,'1490527',921,,1553,14,0,12 13,0
12019,'1490528',1021,,1554,14,0,12 13,0
12019,'1490529',1121,,1555,14,0,12 13,0
12019,'1490530',1221,,1556,14,0,12 13,0
12019,'1490531',1321,,1557,14,0,12 13,0
12019,'1490532',1421,,1558,14,0,12 13,0
12019,'1490533',1521,,1559,14,0,12 13,0
12019,'1490534',1621,,1560,14,0,12 13,0
12019,'1490535',1721,,1561,14,0,12 13,0
12019,'1490536',1821,,1562,14,0,12 13,0
