66019,'1491659',802,,744,2,,,0
66019,'1491660',832,,745,2,,,0
66019,'1491661',902,,746,2,,,0
66019,'1491662',932,,747,2,,,0
66019,'1491663',1002,,748,2,,,0
66019,'1491664',1032,,749,2,,,0
66019,'1491665',1102,,750,2,,,0
66019,'1491666',1132,,751,2,,,0
66019,'1491667',1202,,752,2,,,0
66019,'1491668',1232,,753,2,,,0
66019,'1491669',1302,,754,2,,,0
66019,'1491670',1332,,755,2,,,0
66019,'1491671',1402,,756,2,,,0
66019,'1491672',1432,,757,2,,,0
66019,'1491673',1502,,758,2,,,0
66019,'1491674',1532,,759,2,,,0
66019,'1491675',1602,,760,2,,,0
66019,'1491676',1632,,761,2,,,0
66019,'1491677',1702,,762,2,,,0
