1019,'1482680',812,,3,21,0,11,0
1019,'1482681',852,,4,21,0,11,0
1019,'1482682',932,,5,21,0,11,0
1019,'1482683',1012,,6,21,0,11,0
1019,'1482684',1052,,7,21,0,11,0
1019,'1482685',1132,,8,21,0,11,0
1019,'1482686',1212,,9,21,0,11,0
1019,'1482687',1252,,10,21,0,11,0
1019,'1482688',1332,,11,21,0,11,0
1019,'1482689',1412,,12,21,0,11,0
1019,'1482690',1452,,13,21,0,11,0
1019,'1482691',1532,,14,21,0,11,0
1019,'1482692',1612,,15,21,0,11,0
1019,'1482693',1652,,16,21,0,11,0
1019,'1482694',1732,,17,21,0,11,0
1019,'1482695',1812,,18,21,0,11,0
1019,'1482696',1852,,19,21,0,11,0
1019,'1482697',1932,,20,21,0,11,0
1019,'1482698',2012,,21,21,0,11,0
1019,'1482699',2052,,22,21,0,11,0
1019,'1482700',2132,,23,21,0,11,0
1019,'1482701',2212,,24,21,0,11,0
1019,'1485865',652,,26,24,0,11,0
1019,'1485866',732,,27,24,0,11,0
1019,'1485867',812,,28,24,0,11,0
1019,'1485868',852,,29,24,0,11,0
1019,'1485869',932,,30,24,0,11,0
1019,'1485870',1012,,31,24,0,11,0
1019,'1485871',1052,,32,24,0,11,0
1019,'1485872',1132,,33,24,0,11,0
1019,'1485873',1212,,34,24,0,11,0
1019,'1485874',1252,,35,24,0,11,0
1019,'1485875',1332,,36,24,0,11,0
1019,'1485876',1412,,37,24,0,11,0
1019,'1485877',1452,,38,24,0,11,0
1019,'1485878',1532,,39,24,0,11,0
1019,'1485879',1612,,40,24,0,11,0
1019,'1485880',1652,,41,24,0,11,0
1019,'1485881',1732,,42,24,0,11,0
1019,'1485882',1812,,43,24,0,11,0
1019,'1485883',810,,869,24,0,11,0
1019,'1485884',850,,870,24,0,11,0
1019,'1485885',930,,871,24,0,11,0
1019,'1485886',1010,,872,24,0,11,0
1019,'1485887',1050,,873,24,0,11,0
1019,'1485888',1130,,874,24,0,11,0
1019,'1485889',1210,,875,24,0,11,0
1019,'1485890',1250,,876,24,0,11,0
1019,'1485891',1330,,877,24,0,11,0
1019,'1485892',1410,,878,24,0,11,0
1019,'1485893',1450,,879,24,0,11,0
1019,'1485894',1530,,880,24,0,11,0
1019,'1485895',1610,,881,24,0,11,0
1019,'1485896',1650,,882,24,0,11,0
1019,'1485897',1730,,883,24,0,11,0
1019,'1485898',1810,,884,24,0,11,0
2019,'1486350',632,,775,5,,,0
2019,'1486351',712,,776,5,,,0
2019,'1486352',752,,777,5,,,0
2019,'1486353',832,,778,5,,,0
2019,'1486354',912,,779,5,,,0
2019,'1486355',952,,780,5,,,0
2019,'1486356',1032,,781,5,,,0
2019,'1486357',1112,,782,5,,,0
2019,'1486358',1152,,783,5,,,0
2019,'1486359',1232,,784,5,,,0
2019,'1486360',1312,,785,5,,,0
2019,'1486361',1352,,786,5,,,0
2019,'1486362',1432,,787,5,,,0
2019,'1486363',1512,,788,5,,,0
2019,'1486364',1552,,789,5,,,0
2019,'1486365',1632,,790,5,,,0
2019,'1486366',1712,,791,5,,,0
2019,'1486367',812,,886,22,,,0
2019,'1486368',852,,887,22,,,0
2019,'1486369',932,,888,22,,,0
2019,'1486370',1012,,889,22,,,0
2019,'1486371',1052,,890,22,,,0
2019,'1486372',1132,,891,22,,,0
2019,'1486373',1212,,892,22,,,0
2019,'1486374',1252,,893,22,,,0
2019,'1486375',1332,,894,22,,,0
2019,'1486376',1412,,895,22,,,0
2019,'1486377',1452,,896,22,,,0
2019,'1486378',1532,,897,22,,,0
2019,'1486379',1612,,898,22,,,0
2019,'1486380',1652,,899,22,,,0
2019,'1486381',1732,,900,22,,,0
2019,'1486382',1812,,901,22,,,0
2019,'1486958',1752,,792,5,,,0
