7019,'1489971',706,,113,30,0,7,0
7019,'1489972',746,,114,30,0,7,0
7019,'1489973',826,,115,30,0,7,0
7019,'1489974',906,,116,30,0,7,0
7019,'1489975',946,,117,30,0,7,0
7019,'1489976',1026,,118,30,0,7,0
7019,'1489977',1106,,917,30,0,7,0
7019,'1489978',1146,,918,30,0,7,0
7019,'1489979',1226,,919,30,0,7,0
7019,'1489980',1306,,920,30,0,7,0
7019,'1489981',1346,,921,30,0,7,0
7019,'1489982',1426,,922,30,0,7,0
7019,'1489983',1506,,119,30,0,7,0
7019,'1489984',1546,,120,30,0,7,0
7019,'1489985',1626,,121,30,0,7,0
7019,'1489986',1706,,122,30,0,7,0
7019,'1489987',1746,,123,30,0,7,0
7019,'1489988',1826,,124,30,0,7,0
7019,'1489989',1906,,923,30,0,7,0
7019,'1489990',1946,,924,30,0,7,0
7019,'1489991',2026,,925,30,0,7,0
7019,'1489992',2106,,926,30,0,7,0
7019,'1489993',2146,,927,30,0,7,0
7019,'1489994',2226,,928,30,0,7,0
7019,'1489995',826,,125,30,0,7,0
7019,'1489996',906,,126,30,0,7,0
7019,'1489997',946,,127,30,0,7,0
7019,'1489998',1026,,128,30,0,7,0
7019,'1489999',1106,,129,30,0,7,0
7019,'1490000',1146,,130,30,0,7,0
7019,'1490001',1226,,131,30,0,7,0
7019,'1490002',1306,,132,30,0,7,0
7019,'1490003',1346,,133,30,0,7,0
7019,'1490004',1426,,134,30,0,7,0
7019,'1490005',1506,,135,30,0,7,0
7019,'1490006',1546,,136,30,0,7,0
7019,'1490007',1626,,137,30,0,7,0
7019,'1490008',1706,,138,30,0,7,0
7019,'1490009',1746,,139,30,0,7,0
7019,'1490010',1826,,140,30,0,7,0
7019,'1490011',1906,,929,30,0,7,0
7019,'1490012',1946,,930,30,0,7,0
7019,'1490013',2026,,931,30,0,7,0
7019,'1490014',2106,,932,30,0,7,0
7019,'1490015',2146,,933,30,0,7,0
7019,'1490016',2226,,934,30,0,7,0
