901019,'1490032',903,,1584,57,0,16 17,0
901019,'1490033',1023,,1585,57,0,16 17,0
901019,'1490034',1143,,1586,57,0,16 17,0
901019,'1490035',1303,,1587,57,0,16 17,0
901019,'1490036',1423,,1588,57,0,16 17,0
901019,'1490037',1543,,1589,57,0,16 17,0
901019,'1490038',1703,,1590,57,0,16 17,0
901019,'1490039',1823,,1591,57,0,16 17,0
901019,'1490040',1943,,1592,57,0,16 17,0
901019,'1490041',2103,,1593,57,0,16 17,0
901019,'1490042',2223,,1594,57,0,16 17,0
901019,'1497384',1943,,1607,57,0,16 17,0
901019,'1497385',2103,,1608,57,0,16 17,0
901019,'1497386',2223,,1609,57,0,16 17,0
902019,'1490054',1903,,1610,25,0,16 17,0
902019,'1490055',2023,,1611,25,0,16 17,0
902019,'1490056',2143,,1612,25,0,16 17,0
902019,'1490057',823,,1613,25,0,16 17,0
902019,'1490058',943,,1614,25,0,16 17,0
902019,'1490059',1103,,1615,25,0,16 17,0
902019,'1490060',1223,,1616,25,0,16 17,0
902019,'1490061',1343,,1617,25,0,16 17,0
902019,'1490062',1503,,1618,25,0,16 17,0
902019,'1490063',1623,,1619,25,0,16 17,0
902019,'1490064',1743,,1620,25,0,16 17,0
902019,'1490065',1903,,1621,25,0,16 17,0
902019,'1490066',2023,,1622,25,0,16 17,0
902019,'1490067',2143,,1623,25,0,16 17,0
30000019,'1496023',835,,1329,13,,,0
30000019,'1496024',935,,1330,13,,,0
30000019,'1496025',1035,,1331,13,,,0
30000019,'1496026',1135,,1332,13,,,0
30000019,'1496027',1235,,1333,13,,,0
30000019,'1496028',1335,,1334,13,,,0
30000019,'1496029',1435,,1335,13,,,0
30000019,'1496030',1535,,1336,13,,,0
30000019,'1496031',1635,,1337,13,,,0
