12019,'1490514',711,,1540,2,0,12 13,0
12019,'1490515',811,,1541,2,0,12 13,0
12019,'1490516',911,,1542,2,0,12 13,0
12019,'1490517',1011,,1543,2,0,12 13,0
12019,'1490518',1111,,1544,2,0,12 13,0
12019,'1490519',1211,,1545,2,0,12 13,0
12019,'1490520',1311,,1546,2,0,12 13,0
12019,'1490521',1411,,1547,2,0,12 13,0
12019,'1490522',1511,,1548,2,0,12 13,0
12019,'1490523',1611,,1549,2,0,12 13,0
12019,'1490524',1711,,1550,2,0,12 13,0
12019,'1490525',1811,,1551,2,0,12 13,0
12019,'1490526',811,,1552,2,0,12 13,0
12019,'1490527',911,,1553,2,0,12 13,0
12019,'1490528',1011,,1554,2,0,12 13,0
12019,'1490529',1111,,1555,2,0,12 13,0
12019,'1490530',1211,,1556,2,0,12 13,0
12019,'1490531',1311,,1557,2,0,12 13,0
12019,'1490532',1411,,1558,2,0,12 13,0
12019,'1490533',1511,,1559,2,0,12 13,0
12019,'1490534',1611,,1560,2,0,12 13,0
12019,'1490535',1711,,1561,2,0,12 13,0
12019,'1490536',1811,,1562,2,0,12 13,0
93019,'1496012',721,,1295,11,0,5,0
93019,'1496013',821,,1296,11,0,5,0
93019,'1496014',921,,1297,11,0,5,0
93019,'1496015',1021,,1298,11,0,5,0
93019,'1496016',1121,,1299,11,0,5,0
93019,'1496017',1221,,1300,11,0,5,0
93019,'1496018',1321,,1301,11,0,5,0
93019,'1496019',1421,,1302,11,0,5,0
93019,'1496020',1521,,1303,11,0,5,0
93019,'1496021',1621,,1304,11,0,5,0
93019,'1496022',1721,,1305,11,0,5,0
901019,'1490032',801,,1584,11,,,0
901019,'1490033',921,,1585,11,,,0
901019,'1490034',1041,,1586,11,,,0
901019,'1490035',1201,,1587,11,,,0
901019,'1490036',1321,,1588,11,,,0
901019,'1490037',1441,,1589,11,,,0
901019,'1490038',1601,,1590,11,,,0
901019,'1490039',1721,,1591,11,,,0
901019,'1490040',1841,,1592,11,,,0
901019,'1490041',2001,,1593,11,,,0
901019,'1490042',2121,,1594,11,,,0
901019,'1497372',641,,1595,11,,,0
901019,'1497373',741,,1596,11,,,0
901019,'1497374',841,,1597,11,,,0
901019,'1497375',941,,1598,11,,,0
901019,'1497376',1041,,1599,11,,,0
901019,'1497377',1141,,1600,11,,,0
901019,'1497378',1241,,1601,11,,,0
901019,'1497379',1341,,1602,11,,,0
901019,'1497380',1441,,1603,11,,,0
901019,'1497381',1541,,1604,11,,,0
901019,'1497382',1641,,1605,11,,,0
901019,'1497383',1741,,1606,11,,,0
901019,'1497384',1841,,1607,11,,,0
901019,'1497385',2001,,1608,11,,,0
901019,'1497386',2121,,1609,11,,,0
902019,'1490054',1921,,1610,37,,,0
902019,'1490055',2041,,1611,37,,,0
902019,'1490056',2201,,1612,37,,,0
902019,'1490057',841,,1613,37,,,0
902019,'1490058',1001,,1614,37,,,0
902019,'1490059',1121,,1615,37,,,0
902019,'1490060',1241,,1616,37,,,0
902019,'1490061',1401,,1617,37,,,0
902019,'1490062',1521,,1618,37,,,0
902019,'1490063',1641,,1619,37,,,0
902019,'1490064',1801,,1620,37,,,0
902019,'1490065',1921,,1621,37,,,0
902019,'1490066',2041,,1622,37,,,0
902019,'1490067',2201,,1623,37,,,0
902019,'1490068',1801,,1624,11,,,0
902019,'1497387',701,,1625,11,,,0
902019,'1497388',801,,1626,11,,,0
902019,'1497389',901,,1627,11,,,0
902019,'1497390',1001,,1628,11,,,0
902019,'1497391',1101,,1629,11,,,0
902019,'1497392',1201,,1630,11,,,0
902019,'1497393',1301,,1631,11,,,0
902019,'1497394',1401,,1632,11,,,0
902019,'1497395',1501,,1633,11,,,0
902019,'1497396',1601,,1634,11,,,0
902019,'1497397',1701,,1635,11,,,0
