15019,'1492887',1923,,1660,54,,,0
15019,'1492888',2023,,1661,54,,,0
15019,'1492889',2123,,1662,54,,,0
15019,'1492890',2223,,1663,54,,,0
15019,'1495961',723,,1664,54,,,0
15019,'1495962',823,,1665,54,,,0
15019,'1495963',923,,1666,54,,,0
15019,'1495964',1023,,1667,54,,,0
15019,'1495965',1123,,1668,54,,,0
15019,'1495966',1223,,1669,54,,,0
15019,'1495967',1323,,1670,54,,,0
15019,'1495968',1423,,1671,54,,,0
15019,'1495969',1523,,1672,54,,,0
15019,'1495970',1623,,1673,54,,,0
15019,'1495971',1723,,1674,54,,,0
15019,'1495972',1823,,1675,54,,,0
15019,'1497631',723,,1676,54,,,0
15019,'1497632',823,,1677,54,,,0
15019,'1497633',923,,1678,54,,,0
15019,'1497634',1023,,1679,54,,,0
15019,'1497635',1123,,1680,54,,,0
15019,'1497636',1223,,1681,54,,,0
15019,'1497637',1323,,1682,54,,,0
15019,'1497638',1423,,1683,54,,,0
15019,'1497639',1523,,1684,54,,,0
15019,'1497640',1623,,1685,54,,,0
15019,'1497641',1723,,1686,54,,,0
15019,'1497642',1823,,1687,54,,,0
15019,'1497643',1923,,1688,54,,,0
15019,'1497644',2023,,1689,54,,,0
15019,'1497645',2123,,1690,54,,,0
15019,'1497646',2223,,1691,54,,,0
15019,'1497647',923,,1692,54,,,0
15019,'1497648',1023,,1693,54,,,0
15019,'1497649',1123,,1694,54,,,0
15019,'1497650',1223,,1695,54,,,0
15019,'1497651',1323,,1696,54,,,0
15019,'1497652',1423,,1697,54,,,0
15019,'1497653',1523,,1698,54,,,0
15019,'1497654',1623,,1699,54,,,0
15019,'1497655',1723,,1700,54,,,0
15019,'1497656',1823,,1701,54,,,0
15019,'1497657',1923,,1702,54,,,0
15019,'1497658',2023,,1703,54,,,0
15019,'1497659',2123,,1704,54,,,0
15019,'1497660',2223,,1705,54,,,0
20019,'1497182',704,,1459,30,,,0
20019,'1497183',744,,1460,30,,,0
20019,'1497184',824,,1461,30,,,0
20019,'1497185',904,,1462,30,,,0
20019,'1497186',944,,1463,30,,,0
20019,'1497187',1024,,1464,30,,,0
20019,'1497188',1104,,1465,30,,,0
20019,'1497189',1144,,1466,30,,,0
20019,'1497190',1224,,1467,30,,,0
20019,'1497191',1304,,1468,30,,,0
20019,'1497192',1344,,1469,30,,,0
20019,'1497193',1424,,1470,30,,,0
20019,'1497194',1504,,1471,30,,,0
20019,'1497195',1544,,1472,30,,,0
20019,'1497196',1624,,1473,30,,,0
20019,'1497197',1704,,1474,30,,,0
20019,'1497198',1744,,1475,30,,,0
20019,'1497199',1824,,1476,30,,,0
20019,'1497200',1904,,1477,30,,,0
20019,'1497201',1944,,1478,30,,,0
20019,'1497202',2024,,1479,30,,,0
20019,'1497203',2104,,1480,30,,,0
20019,'1497204',2144,,1481,30,,,0
20019,'1497205',2224,,1482,30,,,0
20019,'1497206',824,,1483,30,,,0
20019,'1497207',904,,1484,30,,,0
20019,'1497208',944,,1485,30,,,0
20019,'1497209',1024,,1486,30,,,0
20019,'1497210',1104,,1487,30,,,0
20019,'1497211',1144,,1488,30,,,0
20019,'1497212',1224,,1489,30,,,0
20019,'1497213',1304,,1490,30,,,0
20019,'1497214',1344,,1491,30,,,0
20019,'1497215',1424,,1492,30,,,0
20019,'1497216',1504,,1493,30,,,0
20019,'1497217',1544,,1494,30,,,0
20019,'1497218',1624,,1495,30,,,0
20019,'1497219',1704,,1496,30,,,0
20019,'1497220',1744,,1497,30,,,0
20019,'1497221',1824,,1498,30,,,0
20019,'1497222',1904,,1499,30,,,0
20019,'1497223',1944,,1500,30,,,0
20019,'1497224',2024,,1501,30,,,0
20019,'1497225',2104,,1502,30,,,0
20019,'1497226',2144,,1503,30,,,0
20019,'1497227',2224,,1504,30,,,0
66019,'1489865',815,,1047,12,,,0
66019,'1489866',845,,1048,12,,,0
66019,'1489867',915,,1049,12,,,0
66019,'1489868',945,,1050,12,,,0
66019,'1489869',1015,,1051,12,,,0
66019,'1489870',1045,,1052,12,,,0
66019,'1489871',1115,,1053,12,,,0
66019,'1489872',1145,,1054,12,,,0
66019,'1489873',1215,,1055,12,,,0
66019,'1489874',1245,,1056,12,,,0
66019,'1489875',1315,,1057,12,,,0
66019,'1489876',1345,,1058,12,,,0
66019,'1489877',1415,,1059,12,,,0
66019,'1489878',1445,,1060,12,,,0
66019,'1489879',1515,,1061,12,,,0
66019,'1489880',1545,,1062,12,,,0
66019,'1489881',1615,,1063,12,,,0
66019,'1489882',1645,,1064,12,,,0
66019,'1489883',1715,,1065,12,,,0
