15019,'1492887',1847,,1660,19,,,0
15019,'1492888',1947,,1661,19,,,0
15019,'1492889',2047,,1662,19,,,0
15019,'1492890',2147,,1663,19,,,0
15019,'1495961',647,,1664,19,,,0
15019,'1495962',747,,1665,19,,,0
15019,'1495963',847,,1666,19,,,0
15019,'1495964',947,,1667,19,,,0
15019,'1495965',1047,,1668,19,,,0
15019,'1495966',1147,,1669,19,,,0
15019,'1495967',1247,,1670,19,,,0
15019,'1495968',1347,,1671,19,,,0
15019,'1495969',1447,,1672,19,,,0
15019,'1495970',1547,,1673,19,,,0
15019,'1495971',1647,,1674,19,,,0
15019,'1495972',1747,,1675,19,,,0
15019,'1497631',646,,1676,19,,,0
15019,'1497632',746,,1677,19,,,0
15019,'1497633',846,,1678,19,,,0
15019,'1497634',946,,1679,19,,,0
15019,'1497635',1046,,1680,19,,,0
15019,'1497636',1146,,1681,19,,,0
15019,'1497637',1246,,1682,19,,,0
15019,'1497638',1346,,1683,19,,,0
15019,'1497639',1446,,1684,19,,,0
15019,'1497640',1546,,1685,19,,,0
15019,'1497641',1646,,1686,19,,,0
15019,'1497642',1746,,1687,19,,,0
15019,'1497643',1846,,1688,19,,,0
15019,'1497644',1946,,1689,19,,,0
15019,'1497645',2046,,1690,19,,,0
15019,'1497646',2146,,1691,19,,,0
15019,'1497647',846,,1692,19,,,0
15019,'1497648',946,,1693,19,,,0
15019,'1497649',1046,,1694,19,,,0
15019,'1497650',1146,,1695,19,,,0
15019,'1497651',1246,,1696,19,,,0
15019,'1497652',1346,,1697,19,,,0
15019,'1497653',1446,,1698,19,,,0
15019,'1497654',1546,,1699,19,,,0
15019,'1497655',1646,,1700,19,,,0
15019,'1497656',1746,,1701,19,,,0
15019,'1497657',1846,,1702,19,,,0
15019,'1497658',1946,,1703,19,,,0
15019,'1497659',2046,,1704,19,,,0
15019,'1497660',2146,,1705,19,,,0
