7019,'1489971',645,,113,9,0,7,0
7019,'1489972',725,,114,9,0,7,0
7019,'1489973',805,,115,9,0,7,0
7019,'1489974',845,,116,9,0,7,0
7019,'1489975',925,,117,9,0,7,0
7019,'1489976',1005,,118,9,0,7,0
7019,'1489977',1045,,917,9,0,7,0
7019,'1489978',1125,,918,9,0,7,0
7019,'1489979',1205,,919,9,0,7,0
7019,'1489980',1245,,920,9,0,7,0
7019,'1489981',1325,,921,9,0,7,0
7019,'1489982',1405,,922,9,0,7,0
7019,'1489983',1445,,119,9,0,7,0
7019,'1489984',1525,,120,9,0,7,0
7019,'1489985',1605,,121,9,0,7,0
7019,'1489986',1645,,122,9,0,7,0
7019,'1489987',1725,,123,9,0,7,0
7019,'1489988',1805,,124,9,0,7,0
7019,'1489989',1845,,923,9,0,7,0
7019,'1489990',1925,,924,9,0,7,0
7019,'1489991',2005,,925,9,0,7,0
7019,'1489992',2045,,926,9,0,7,0
7019,'1489993',2125,,927,9,0,7,0
7019,'1489994',2205,,928,9,0,7,0
7019,'1489995',805,,125,9,0,7,0
7019,'1489996',845,,126,9,0,7,0
7019,'1489997',925,,127,9,0,7,0
7019,'1489998',1005,,128,9,0,7,0
7019,'1489999',1045,,129,9,0,7,0
7019,'1490000',1125,,130,9,0,7,0
7019,'1490001',1205,,131,9,0,7,0
7019,'1490002',1245,,132,9,0,7,0
7019,'1490003',1325,,133,9,0,7,0
7019,'1490004',1405,,134,9,0,7,0
7019,'1490005',1445,,135,9,0,7,0
7019,'1490006',1525,,136,9,0,7,0
7019,'1490007',1605,,137,9,0,7,0
7019,'1490008',1645,,138,9,0,7,0
7019,'1490009',1725,,139,9,0,7,0
7019,'1490010',1805,,140,9,0,7,0
7019,'1490011',1845,,929,9,0,7,0
7019,'1490012',1925,,930,9,0,7,0
7019,'1490013',2005,,931,9,0,7,0
7019,'1490014',2045,,932,9,0,7,0
7019,'1490015',2125,,933,9,0,7,0
7019,'1490016',2205,,934,9,0,7,0
20019,'1492422',643,,1249,13,,,0
20019,'1492423',723,,1250,13,,,0
20019,'1492424',803,,1251,13,,,0
20019,'1492425',843,,1252,13,,,0
20019,'1492426',923,,1253,13,,,0
20019,'1492427',1003,,1254,13,,,0
20019,'1492428',1043,,1255,13,,,0
20019,'1492429',1123,,1256,13,,,0
20019,'1492430',1203,,1257,13,,,0
20019,'1492431',1243,,1258,13,,,0
20019,'1492432',1323,,1259,13,,,0
20019,'1492433',1403,,1260,13,,,0
20019,'1492434',1443,,1261,13,,,0
20019,'1492435',1523,,1262,13,,,0
20019,'1492436',1603,,1263,13,,,0
20019,'1492437',1643,,1264,13,,,0
20019,'1492438',1723,,1265,13,,,0
20019,'1492439',1803,,1266,13,,,0
20019,'1496039',1843,,1283,13,,,0
20019,'1496040',1923,,1284,13,,,0
20019,'1496041',2003,,1285,13,,,0
20019,'1496042',2043,,1286,13,,,0
20019,'1496043',2123,,1287,13,,,0
20019,'1496044',2203,,1288,13,,,0
20019,'1497182',643,,1459,13,,,0
20019,'1497183',723,,1460,13,,,0
20019,'1497184',803,,1461,13,,,0
20019,'1497185',843,,1462,13,,,0
20019,'1497186',923,,1463,13,,,0
20019,'1497187',1003,,1464,13,,,0
20019,'1497188',1043,,1465,13,,,0
20019,'1497189',1123,,1466,13,,,0
20019,'1497190',1203,,1467,13,,,0
20019,'1497191',1243,,1468,13,,,0
20019,'1497192',1323,,1469,13,,,0
20019,'1497193',1403,,1470,13,,,0
20019,'1497194',1443,,1471,13,,,0
20019,'1497195',1523,,1472,13,,,0
20019,'1497196',1603,,1473,13,,,0
20019,'1497197',1643,,1474,13,,,0
20019,'1497198',1723,,1475,13,,,0
20019,'1497199',1803,,1476,13,,,0
20019,'1497200',1843,,1477,13,,,0
20019,'1497201',1923,,1478,13,,,0
20019,'1497202',2003,,1479,13,,,0
20019,'1497203',2043,,1480,13,,,0
20019,'1497204',2123,,1481,13,,,0
20019,'1497205',2203,,1482,13,,,0
20019,'1497206',803,,1483,13,,,0
20019,'1497207',843,,1484,13,,,0
20019,'1497208',923,,1485,13,,,0
20019,'1497209',1003,,1486,13,,,0
20019,'1497210',1043,,1487,13,,,0
20019,'1497211',1123,,1488,13,,,0
20019,'1497212',1203,,1489,13,,,0
20019,'1497213',1243,,1490,13,,,0
20019,'1497214',1323,,1491,13,,,0
20019,'1497215',1403,,1492,13,,,0
20019,'1497216',1443,,1493,13,,,0
20019,'1497217',1523,,1494,13,,,0
20019,'1497218',1603,,1495,13,,,0
20019,'1497219',1643,,1496,13,,,0
20019,'1497220',1723,,1497,13,,,0
20019,'1497221',1803,,1498,13,,,0
20019,'1497222',1843,,1499,13,,,0
20019,'1497223',1923,,1500,13,,,0
20019,'1497224',2003,,1501,13,,,0
20019,'1497225',2043,,1502,13,,,0
20019,'1497226',2123,,1503,13,,,0
20019,'1497227',2203,,1504,13,,,0
