7019,'1489971',716,,113,41,0,7,0
7019,'1489972',756,,114,41,0,7,0
7019,'1489973',836,,115,41,0,7,0
7019,'1489974',916,,116,41,0,7,0
7019,'1489975',956,,117,41,0,7,0
7019,'1489976',1036,,118,41,0,7,0
7019,'1489977',1116,,917,41,0,7,0
7019,'1489978',1156,,918,41,0,7,0
7019,'1489979',1236,,919,41,0,7,0
7019,'1489980',1316,,920,41,0,7,0
7019,'1489981',1356,,921,41,0,7,0
7019,'1489982',1436,,922,41,0,7,0
7019,'1489983',1516,,119,41,0,7,0
7019,'1489984',1556,,120,41,0,7,0
7019,'1489985',1636,,121,41,0,7,0
7019,'1489986',1716,,122,41,0,7,0
7019,'1489987',1756,,123,41,0,7,0
7019,'1489988',1836,,124,41,0,7,0
7019,'1489989',1916,,923,41,0,7,0
7019,'1489990',1956,,924,41,0,7,0
7019,'1489991',2036,,925,41,0,7,0
7019,'1489992',2116,,926,41,0,7,0
7019,'1489993',2156,,927,41,0,7,0
7019,'1489994',2236,,928,41,0,7,0
7019,'1489995',836,,125,41,0,7,0
7019,'1489996',916,,126,41,0,7,0
7019,'1489997',956,,127,41,0,7,0
7019,'1489998',1036,,128,41,0,7,0
7019,'1489999',1116,,129,41,0,7,0
7019,'1490000',1156,,130,41,0,7,0
7019,'1490001',1236,,131,41,0,7,0
7019,'1490002',1316,,132,41,0,7,0
7019,'1490003',1356,,133,41,0,7,0
7019,'1490004',1436,,134,41,0,7,0
7019,'1490005',1516,,135,41,0,7,0
7019,'1490006',1556,,136,41,0,7,0
7019,'1490007',1636,,137,41,0,7,0
7019,'1490008',1716,,138,41,0,7,0
7019,'1490009',1756,,139,41,0,7,0
7019,'1490010',1836,,140,41,0,7,0
7019,'1490011',1916,,929,41,0,7,0
7019,'1490012',1956,,930,41,0,7,0
7019,'1490013',2036,,931,41,0,7,0
7019,'1490014',2116,,932,41,0,7,0
7019,'1490015',2156,,933,41,0,7,0
7019,'1490016',2236,,934,41,0,7,0
12019,'1488124',738,,1637,33,0,12 13,0
12019,'1488125',838,,1638,33,0,12 13,0
12019,'1488126',938,,1639,33,0,12 13,0
12019,'1488127',1038,,1640,33,0,12 13,0
12019,'1488128',1138,,1641,33,0,12 13,0
12019,'1488129',1238,,1642,33,0,12 13,0
12019,'1488130',1338,,1643,33,0,12 13,0
12019,'1488131',1438,,1644,33,0,12 13,0
12019,'1488132',1538,,1645,33,0,12 13,0
12019,'1488133',1638,,1646,33,0,12 13,0
12019,'1488134',1738,,1647,33,0,12 13,0
12019,'1488135',1838,,1648,33,0,12 13,0
12019,'1488136',838,,1649,33,0,12 13,0
12019,'1488137',938,,1650,33,0,12 13,0
12019,'1488138',1038,,1651,33,0,12 13,0
12019,'1488139',1138,,1652,33,0,12 13,0
12019,'1488140',1238,,1653,33,0,12 13,0
12019,'1488141',1338,,1654,33,0,12 13,0
12019,'1488142',1438,,1655,33,0,12 13,0
12019,'1488143',1538,,1656,33,0,12 13,0
12019,'1488144',1638,,1657,33,0,12 13,0
12019,'1488145',1738,,1658,33,0,12 13,0
12019,'1488146',1838,,1659,33,0,12 13,0
