12019,'1488124',717,,1637,9,0,12 13,0
12019,'1488125',817,,1638,9,0,12 13,0
12019,'1488126',917,,1639,9,0,12 13,0
12019,'1488127',1017,,1640,9,0,12 13,0
12019,'1488128',1117,,1641,9,0,12 13,0
12019,'1488129',1217,,1642,9,0,12 13,0
12019,'1488130',1317,,1643,9,0,12 13,0
12019,'1488131',1417,,1644,9,0,12 13,0
12019,'1488132',1517,,1645,9,0,12 13,0
12019,'1488133',1617,,1646,9,0,12 13,0
12019,'1488134',1717,,1647,9,0,12 13,0
12019,'1488135',1817,,1648,9,0,12 13,0
12019,'1488136',817,,1649,9,0,12 13,0
12019,'1488137',917,,1650,9,0,12 13,0
12019,'1488138',1017,,1651,9,0,12 13,0
12019,'1488139',1117,,1652,9,0,12 13,0
12019,'1488140',1217,,1653,9,0,12 13,0
12019,'1488141',1317,,1654,9,0,12 13,0
12019,'1488142',1417,,1655,9,0,12 13,0
12019,'1488143',1517,,1656,9,0,12 13,0
12019,'1488144',1617,,1657,9,0,12 13,0
12019,'1488145',1717,,1658,9,0,12 13,0
12019,'1488146',1817,,1659,9,0,12 13,0
