1019,'1485865',639,,26,7,0,11,0
1019,'1485866',719,,27,7,0,11,0
1019,'1485867',759,,28,7,0,11,0
1019,'1485868',839,,29,7,0,11,0
1019,'1485869',919,,30,7,0,11,0
1019,'1485870',959,,31,7,0,11,0
1019,'1485871',1039,,32,7,0,11,0
1019,'1485872',1119,,33,7,0,11,0
1019,'1485873',1159,,34,7,0,11,0
1019,'1485874',1239,,35,7,0,11,0
1019,'1485875',1319,,36,7,0,11,0
1019,'1485876',1359,,37,7,0,11,0
1019,'1485877',1439,,38,7,0,11,0
1019,'1485878',1519,,39,7,0,11,0
1019,'1485879',1559,,40,7,0,11,0
1019,'1485880',1639,,41,7,0,11,0
1019,'1485881',1719,,42,7,0,11,0
1019,'1485882',1759,,43,7,0,11,0
1019,'1485883',759,,869,7,0,11,0
1019,'1485884',839,,870,7,0,11,0
1019,'1485885',919,,871,7,0,11,0
1019,'1485886',959,,872,7,0,11,0
1019,'1485887',1039,,873,7,0,11,0
1019,'1485888',1119,,874,7,0,11,0
1019,'1485889',1159,,875,7,0,11,0
1019,'1485890',1239,,876,7,0,11,0
1019,'1485891',1319,,877,7,0,11,0
1019,'1485892',1359,,878,7,0,11,0
1019,'1485893',1439,,879,7,0,11,0
1019,'1485894',1519,,880,7,0,11,0
1019,'1485895',1559,,881,7,0,11,0
1019,'1485896',1639,,882,7,0,11,0
1019,'1485897',1719,,883,7,0,11,0
1019,'1485898',1759,,884,7,0,11,0
3019,'1486996',818,,1149,30,,,0
3019,'1486997',858,,1150,30,,,0
3019,'1486998',938,,1151,30,,,0
3019,'1486999',1018,,1152,30,,,0
3019,'1487000',1058,,1153,30,,,0
3019,'1487001',1138,,1154,30,,,0
3019,'1487002',1218,,1155,30,,,0
3019,'1487003',1258,,1156,30,,,0
3019,'1487004',1338,,1157,30,,,0
3019,'1487005',1418,,1158,30,,,0
3019,'1487006',1458,,1159,30,,,0
3019,'1487007',1538,,1160,30,,,0
3019,'1487008',1618,,1161,30,,,0
3019,'1487009',1658,,1162,30,,,0
3019,'1497371',732,,1539,2,,,0
7019,'1482898',627,,111,2,0,8,0
7019,'1482899',747,,112,2,0,8,0
10019,'1483448',637,,161,2,0,5,0
10019,'1483449',1517,,162,2,0,5,0
12019,'1482623',657,,170,2,0,8,0
12019,'1482624',757,,171,2,0,8,0
16019,'1497350',755,,1563,13,0,9 10,0
16019,'1497351',855,,1564,13,0,9 10,0
16019,'1497352',955,,1565,13,0,9 10,0
16019,'1497353',1055,,1566,13,0,9 10,0
16019,'1497354',1155,,1567,13,0,9 10,0
16019,'1497355',1255,,1568,13,0,9 10,0
16019,'1497356',1355,,1569,13,0,9 10,0
16019,'1497357',1455,,1570,13,0,9 10,0
16019,'1497358',1555,,1571,13,0,9 10,0
16019,'1497359',1655,,1572,13,0,9 10,0
16019,'1497360',1755,,1573,13,0,9 10,0
16019,'1497361',855,,1574,13,0,9 10,0
16019,'1497362',955,,1575,13,0,9 10,0
16019,'1497363',1055,,1576,13,0,9 10,0
16019,'1497364',1155,,1577,13,0,9 10,0
16019,'1497365',1255,,1578,13,0,9 10,0
16019,'1497366',1355,,1579,13,0,9 10,0
16019,'1497367',1455,,1580,13,0,9 10,0
16019,'1497368',1555,,1581,13,0,9 10,0
16019,'1497369',1655,,1582,13,0,9 10,0
16019,'1497370',1755,,1583,13,0,9 10,0
