93019,'1497427',737,,1706,24,,,0
93019,'1497428',837,,1707,24,,,0
93019,'1497429',937,,1708,24,,,0
93019,'1497430',1037,,1709,24,,,0
93019,'1497431',1137,,1710,24,,,0
93019,'1497432',1237,,1711,24,,,0
93019,'1497433',1337,,1712,24,,,0
93019,'1497434',1437,,1713,24,,,0
93019,'1497435',1537,,1714,24,,,0
93019,'1497436',1637,,1715,24,,,0
93019,'1497437',1737,,1716,24,,,0
901019,'1490032',816,,1584,24,0,6,0
901019,'1490033',936,,1585,24,0,6,0
901019,'1490034',1056,,1586,24,0,6,0
901019,'1490035',1216,,1587,24,0,6,0
901019,'1490036',1336,,1588,24,0,6,0
901019,'1490037',1456,,1589,24,0,6,0
901019,'1490038',1616,,1590,24,0,6,0
901019,'1490039',1736,,1591,24,0,6,0
901019,'1490040',1856,,1592,24,0,6,0
901019,'1490041',2016,,1593,24,0,6,0
901019,'1490042',2136,,1594,24,0,6,0
901019,'1497372',656,,1595,24,0,6,0
901019,'1497373',756,,1596,24,0,6,0
901019,'1497374',856,,1597,24,0,6,0
901019,'1497375',956,,1598,24,0,6,0
901019,'1497376',1056,,1599,24,0,6,0
901019,'1497377',1156,,1600,24,0,6,0
901019,'1497378',1256,,1601,24,0,6,0
901019,'1497379',1356,,1602,24,0,6,0
901019,'1497380',1456,,1603,24,0,6,0
901019,'1497381',1556,,1604,24,0,6,0
901019,'1497382',1656,,1605,24,0,6,0
901019,'1497383',1756,,1606,24,0,6,0
901019,'1497384',1857,,1607,24,0,6,0
901019,'1497385',2017,,1608,24,0,6,0
901019,'1497386',2137,,1609,24,0,6,0
902019,'1490054',1936,,1610,50,0,6,0
902019,'1490055',2056,,1611,50,0,6,0
902019,'1490056',2216,,1612,50,0,6,0
902019,'1490057',856,,1613,50,0,6,0
902019,'1490058',1016,,1614,50,0,6,0
902019,'1490059',1136,,1615,50,0,6,0
902019,'1490060',1256,,1616,50,0,6,0
902019,'1490061',1416,,1617,50,0,6,0
902019,'1490062',1536,,1618,50,0,6,0
902019,'1490063',1656,,1619,50,0,6,0
902019,'1490064',1816,,1620,50,0,6,0
902019,'1490065',1936,,1621,50,0,6,0
902019,'1490066',2056,,1622,50,0,6,0
902019,'1490067',2216,,1623,50,0,6,0
902019,'1490068',1816,,1624,24,0,6,0
902019,'1497387',716,,1625,24,0,6,0
902019,'1497388',816,,1626,24,0,6,0
902019,'1497389',916,,1627,24,0,6,0
902019,'1497390',1016,,1628,24,0,6,0
902019,'1497391',1116,,1629,24,0,6,0
902019,'1497392',1216,,1630,24,0,6,0
902019,'1497393',1316,,1631,24,0,6,0
902019,'1497394',1416,,1632,24,0,6,0
902019,'1497395',1516,,1633,24,0,6,0
902019,'1497396',1616,,1634,24,0,6,0
902019,'1497397',1716,,1635,24,0,6,0
