12019,'1490514',718,,1540,11,0,12 13,0
12019,'1490515',818,,1541,11,0,12 13,0
12019,'1490516',918,,1542,11,0,12 13,0
12019,'1490517',1018,,1543,11,0,12 13,0
12019,'1490518',1118,,1544,11,0,12 13,0
12019,'1490519',1218,,1545,11,0,12 13,0
12019,'1490520',1318,,1546,11,0,12 13,0
12019,'1490521',1418,,1547,11,0,12 13,0
12019,'1490522',1518,,1548,11,0,12 13,0
12019,'1490523',1618,,1549,11,0,12 13,0
12019,'1490524',1718,,1550,11,0,12 13,0
12019,'1490525',1818,,1551,11,0,12 13,0
12019,'1490526',818,,1552,11,0,12 13,0
12019,'1490527',918,,1553,11,0,12 13,0
12019,'1490528',1018,,1554,11,0,12 13,0
12019,'1490529',1118,,1555,11,0,12 13,0
12019,'1490530',1218,,1556,11,0,12 13,0
12019,'1490531',1318,,1557,11,0,12 13,0
12019,'1490532',1418,,1558,11,0,12 13,0
12019,'1490533',1518,,1559,11,0,12 13,0
12019,'1490534',1618,,1560,11,0,12 13,0
12019,'1490535',1718,,1561,11,0,12 13,0
12019,'1490536',1818,,1562,11,0,12 13,0
