7019,'1489971',641,,113,4,0,7,0
7019,'1489972',721,,114,4,0,7,0
7019,'1489973',801,,115,4,0,7,0
7019,'1489974',841,,116,4,0,7,0
7019,'1489975',921,,117,4,0,7,0
7019,'1489976',1001,,118,4,0,7,0
7019,'1489977',1041,,917,4,0,7,0
7019,'1489978',1121,,918,4,0,7,0
7019,'1489979',1201,,919,4,0,7,0
7019,'1489980',1241,,920,4,0,7,0
7019,'1489981',1321,,921,4,0,7,0
7019,'1489982',1401,,922,4,0,7,0
7019,'1489983',1441,,119,4,0,7,0
7019,'1489984',1521,,120,4,0,7,0
7019,'1489985',1601,,121,4,0,7,0
7019,'1489986',1641,,122,4,0,7,0
7019,'1489987',1721,,123,4,0,7,0
7019,'1489988',1801,,124,4,0,7,0
7019,'1489989',1841,,923,4,0,7,0
7019,'1489990',1921,,924,4,0,7,0
7019,'1489991',2001,,925,4,0,7,0
7019,'1489992',2041,,926,4,0,7,0
7019,'1489993',2121,,927,4,0,7,0
7019,'1489994',2201,,928,4,0,7,0
7019,'1489995',801,,125,4,0,7,0
7019,'1489996',841,,126,4,0,7,0
7019,'1489997',921,,127,4,0,7,0
7019,'1489998',1001,,128,4,0,7,0
7019,'1489999',1041,,129,4,0,7,0
7019,'1490000',1121,,130,4,0,7,0
7019,'1490001',1201,,131,4,0,7,0
7019,'1490002',1241,,132,4,0,7,0
7019,'1490003',1321,,133,4,0,7,0
7019,'1490004',1401,,134,4,0,7,0
7019,'1490005',1441,,135,4,0,7,0
7019,'1490006',1521,,136,4,0,7,0
7019,'1490007',1601,,137,4,0,7,0
7019,'1490008',1641,,138,4,0,7,0
7019,'1490009',1721,,139,4,0,7,0
7019,'1490010',1801,,140,4,0,7,0
7019,'1490011',1841,,929,4,0,7,0
7019,'1490012',1921,,930,4,0,7,0
7019,'1490013',2001,,931,4,0,7,0
7019,'1490014',2041,,932,4,0,7,0
7019,'1490015',2121,,933,4,0,7,0
7019,'1490016',2201,,934,4,0,7,0
