7019,'1489971',642,,113,7,0,7,0
7019,'1489972',722,,114,7,0,7,0
7019,'1489973',802,,115,7,0,7,0
7019,'1489974',842,,116,7,0,7,0
7019,'1489975',922,,117,7,0,7,0
7019,'1489976',1002,,118,7,0,7,0
7019,'1489977',1042,,917,7,0,7,0
7019,'1489978',1122,,918,7,0,7,0
7019,'1489979',1202,,919,7,0,7,0
7019,'1489980',1242,,920,7,0,7,0
7019,'1489981',1322,,921,7,0,7,0
7019,'1489982',1402,,922,7,0,7,0
7019,'1489983',1442,,119,7,0,7,0
7019,'1489984',1522,,120,7,0,7,0
7019,'1489985',1602,,121,7,0,7,0
7019,'1489986',1642,,122,7,0,7,0
7019,'1489987',1722,,123,7,0,7,0
7019,'1489988',1802,,124,7,0,7,0
7019,'1489989',1842,,923,7,0,7,0
7019,'1489990',1922,,924,7,0,7,0
7019,'1489991',2002,,925,7,0,7,0
7019,'1489992',2042,,926,7,0,7,0
7019,'1489993',2122,,927,7,0,7,0
7019,'1489994',2202,,928,7,0,7,0
7019,'1489995',802,,125,7,0,7,0
7019,'1489996',842,,126,7,0,7,0
7019,'1489997',922,,127,7,0,7,0
7019,'1489998',1002,,128,7,0,7,0
7019,'1489999',1042,,129,7,0,7,0
7019,'1490000',1122,,130,7,0,7,0
7019,'1490001',1202,,131,7,0,7,0
7019,'1490002',1242,,132,7,0,7,0
7019,'1490003',1322,,133,7,0,7,0
7019,'1490004',1402,,134,7,0,7,0
7019,'1490005',1442,,135,7,0,7,0
7019,'1490006',1522,,136,7,0,7,0
7019,'1490007',1602,,137,7,0,7,0
7019,'1490008',1642,,138,7,0,7,0
7019,'1490009',1722,,139,7,0,7,0
7019,'1490010',1802,,140,7,0,7,0
7019,'1490011',1842,,929,7,0,7,0
7019,'1490012',1922,,930,7,0,7,0
7019,'1490013',2002,,931,7,0,7,0
7019,'1490014',2042,,932,7,0,7,0
7019,'1490015',2122,,933,7,0,7,0
7019,'1490016',2202,,934,7,0,7,0
