15019,'1492887',1836,,1660,11,,,0
15019,'1492888',1936,,1661,11,,,0
15019,'1492889',2036,,1662,11,,,0
15019,'1492890',2136,,1663,11,,,0
15019,'1495961',636,,1664,11,,,0
15019,'1495962',736,,1665,11,,,0
15019,'1495963',836,,1666,11,,,0
15019,'1495964',936,,1667,11,,,0
15019,'1495965',1036,,1668,11,,,0
15019,'1495966',1136,,1669,11,,,0
15019,'1495967',1236,,1670,11,,,0
15019,'1495968',1336,,1671,11,,,0
15019,'1495969',1436,,1672,11,,,0
15019,'1495970',1536,,1673,11,,,0
15019,'1495971',1636,,1674,11,,,0
15019,'1495972',1736,,1675,11,,,0
15019,'1497631',638,,1676,11,,,0
15019,'1497632',738,,1677,11,,,0
15019,'1497633',838,,1678,11,,,0
15019,'1497634',938,,1679,11,,,0
15019,'1497635',1038,,1680,11,,,0
15019,'1497636',1138,,1681,11,,,0
15019,'1497637',1238,,1682,11,,,0
15019,'1497638',1338,,1683,11,,,0
15019,'1497639',1438,,1684,11,,,0
15019,'1497640',1538,,1685,11,,,0
15019,'1497641',1638,,1686,11,,,0
15019,'1497642',1738,,1687,11,,,0
15019,'1497643',1838,,1688,11,,,0
15019,'1497644',1938,,1689,11,,,0
15019,'1497645',2038,,1690,11,,,0
15019,'1497646',2138,,1691,11,,,0
15019,'1497647',838,,1692,11,,,0
15019,'1497648',938,,1693,11,,,0
15019,'1497649',1038,,1694,11,,,0
15019,'1497650',1138,,1695,11,,,0
15019,'1497651',1238,,1696,11,,,0
15019,'1497652',1338,,1697,11,,,0
15019,'1497653',1438,,1698,11,,,0
15019,'1497654',1538,,1699,11,,,0
15019,'1497655',1638,,1700,11,,,0
15019,'1497656',1738,,1701,11,,,0
15019,'1497657',1838,,1702,11,,,0
15019,'1497658',1938,,1703,11,,,0
15019,'1497659',2038,,1704,11,,,0
15019,'1497660',2138,,1705,11,,,0
