20019,'1492422',703,,1249,29,,,0
20019,'1492423',743,,1250,29,,,0
20019,'1492424',823,,1251,29,,,0
20019,'1492425',903,,1252,29,,,0
20019,'1492426',943,,1253,29,,,0
20019,'1492427',1023,,1254,29,,,0
20019,'1492428',1103,,1255,29,,,0
20019,'1492429',1143,,1256,29,,,0
20019,'1492430',1223,,1257,29,,,0
20019,'1492431',1303,,1258,29,,,0
20019,'1492432',1343,,1259,29,,,0
20019,'1492433',1423,,1260,29,,,0
20019,'1492434',1503,,1261,29,,,0
20019,'1492435',1543,,1262,29,,,0
20019,'1492436',1623,,1263,29,,,0
20019,'1492437',1703,,1264,29,,,0
20019,'1492438',1743,,1265,29,,,0
20019,'1492439',1823,,1266,29,,,0
20019,'1492440',823,,1267,29,,,0
20019,'1492441',903,,1268,29,,,0
20019,'1492442',943,,1269,29,,,0
20019,'1492443',1023,,1270,29,,,0
20019,'1492444',1103,,1271,29,,,0
20019,'1492445',1143,,1272,29,,,0
20019,'1492446',1223,,1273,29,,,0
20019,'1492447',1303,,1274,29,,,0
20019,'1492448',1343,,1275,29,,,0
20019,'1492449',1423,,1276,29,,,0
20019,'1492450',1503,,1277,29,,,0
20019,'1492451',1543,,1278,29,,,0
20019,'1492452',1623,,1279,29,,,0
20019,'1492453',1703,,1280,29,,,0
20019,'1492454',1743,,1281,29,,,0
20019,'1492455',1823,,1282,29,,,0
20019,'1496039',1903,,1283,29,,,0
20019,'1496040',1943,,1284,29,,,0
20019,'1496041',2023,,1285,29,,,0
20019,'1496042',2103,,1286,29,,,0
20019,'1496043',2143,,1287,29,,,0
20019,'1496044',2223,,1288,29,,,0
20019,'1496045',1903,,1289,29,,,0
20019,'1496046',1943,,1290,29,,,0
20019,'1496047',2023,,1291,29,,,0
20019,'1496048',2103,,1292,29,,,0
20019,'1496049',2143,,1293,29,,,0
20019,'1496050',2223,,1294,29,,,0
