4019,'1489036',705,,65,32,,,0
4019,'1489037',745,,66,32,,,0
4019,'1489038',825,,67,32,,,0
4019,'1489039',905,,68,32,,,0
4019,'1489040',945,,69,32,,,0
4019,'1489041',1025,,70,32,,,0
4019,'1489042',1105,,71,32,,,0
4019,'1489043',1145,,72,32,,,0
4019,'1489044',1225,,73,32,,,0
4019,'1489045',1305,,74,32,,,0
4019,'1489046',1345,,75,32,,,0
4019,'1489047',1425,,76,32,,,0
4019,'1489048',1505,,77,32,,,0
4019,'1489049',1545,,78,32,,,0
4019,'1489050',1625,,79,32,,,0
4019,'1489051',1705,,80,32,,,0
4019,'1489052',1745,,81,32,,,0
4019,'1489053',1825,,82,32,,,0
4019,'1489054',1905,,83,32,,,0
4019,'1489055',1945,,84,32,,,0
4019,'1489056',2025,,85,32,,,0
4019,'1489057',2105,,86,32,,,0
4019,'1489058',2145,,87,32,,,0
4019,'1489059',2225,,88,32,,,0
4019,'1489060',825,,89,32,,,0
4019,'1489061',905,,90,32,,,0
4019,'1489062',945,,91,32,,,0
4019,'1489063',1025,,92,32,,,0
4019,'1489064',1105,,93,32,,,0
4019,'1489065',1145,,94,32,,,0
4019,'1489066',1225,,95,32,,,0
4019,'1489067',1305,,96,32,,,0
4019,'1489068',1345,,97,32,,,0
4019,'1489069',1425,,98,32,,,0
4019,'1489070',1505,,99,32,,,0
4019,'1489071',1545,,100,32,,,0
4019,'1489072',1625,,101,32,,,0
4019,'1489073',1705,,102,32,,,0
4019,'1489074',1745,,103,32,,,0
4019,'1489075',1825,,104,32,,,0
4019,'1489076',1905,,105,32,,,0
4019,'1489077',1945,,106,32,,,0
4019,'1489078',2025,,107,32,,,0
4019,'1489079',2105,,108,32,,,0
4019,'1489080',2145,,109,32,,,0
4019,'1489081',2225,,110,32,,,0
15019,'1480582',624,,255,5,0,6,0
15019,'1480583',824,,256,5,0,6,0
16019,'1497350',744,,1563,6,0,9 10,0
16019,'1497351',844,,1564,6,0,9 10,0
16019,'1497352',944,,1565,6,0,9 10,0
16019,'1497353',1044,,1566,6,0,9 10,0
16019,'1497354',1144,,1567,6,0,9 10,0
16019,'1497355',1244,,1568,6,0,9 10,0
16019,'1497356',1344,,1569,6,0,9 10,0
16019,'1497357',1444,,1570,6,0,9 10,0
16019,'1497358',1544,,1571,6,0,9 10,0
16019,'1497359',1644,,1572,6,0,9 10,0
16019,'1497360',1744,,1573,6,0,9 10,0
16019,'1497361',844,,1574,6,0,9 10,0
16019,'1497362',944,,1575,6,0,9 10,0
16019,'1497363',1044,,1576,6,0,9 10,0
16019,'1497364',1144,,1577,6,0,9 10,0
16019,'1497365',1244,,1578,6,0,9 10,0
16019,'1497366',1344,,1579,6,0,9 10,0
16019,'1497367',1444,,1580,6,0,9 10,0
16019,'1497368',1544,,1581,6,0,9 10,0
16019,'1497369',1644,,1582,6,0,9 10,0
16019,'1497370',1744,,1583,6,0,9 10,0
19019,'1489098',637,,1214,7,,,0
19019,'1489099',717,,1215,7,,,0
19019,'1489100',757,,1216,7,,,0
19019,'1489101',837,,1217,7,,,0
19019,'1489102',917,,1218,7,,,0
19019,'1489103',957,,1219,7,,,0
19019,'1489104',1037,,1220,7,,,0
19019,'1489105',1117,,1221,7,,,0
19019,'1489106',1157,,1222,7,,,0
19019,'1489107',1237,,1223,7,,,0
19019,'1489108',1317,,1224,7,,,0
19019,'1489109',1357,,1225,7,,,0
19019,'1489110',1437,,1226,7,,,0
19019,'1489111',1517,,1227,7,,,0
19019,'1489112',1557,,1228,7,,,0
19019,'1489113',1637,,1229,7,,,0
19019,'1489114',1717,,1230,7,,,0
19019,'1489115',1757,,1231,7,,,0
19019,'1489116',657,,1232,7,,,0
19019,'1489117',737,,1233,7,,,0
19019,'1489118',817,,1234,7,,,0
19019,'1489119',857,,1235,7,,,0
19019,'1489120',937,,1236,7,,,0
19019,'1489121',1017,,1237,7,,,0
19019,'1489122',1057,,1238,7,,,0
19019,'1489123',1137,,1239,7,,,0
19019,'1489124',1217,,1240,7,,,0
19019,'1489125',1257,,1241,7,,,0
19019,'1489126',1337,,1242,7,,,0
19019,'1489127',1417,,1243,7,,,0
19019,'1489128',1457,,1244,7,,,0
19019,'1489129',1537,,1245,7,,,0
19019,'1489130',1617,,1246,7,,,0
19019,'1489131',1657,,1247,7,,,0
19019,'1489132',1737,,1248,7,,,0
66019,'1489865',808,,1047,8,,,0,13,,1047,15,,,0
66019,'1489866',838,,1048,8,,,0,13,,1048,15,,,0
66019,'1489867',908,,1049,8,,,0,13,,1049,15,,,0
66019,'1489868',938,,1050,8,,,0,13,,1050,15,,,0
66019,'1489869',1008,,1051,8,,,0,13,,1051,15,,,0
66019,'1489870',1038,,1052,8,,,0,13,,1052,15,,,0
66019,'1489871',1108,,1053,8,,,0,13,,1053,15,,,0
66019,'1489872',1138,,1054,8,,,0,13,,1054,15,,,0
66019,'1489873',1208,,1055,8,,,0,13,,1055,15,,,0
66019,'1489874',1238,,1056,8,,,0,13,,1056,15,,,0
66019,'1489875',1308,,1057,8,,,0,13,,1057,15,,,0
66019,'1489876',1338,,1058,8,,,0,13,,1058,15,,,0
66019,'1489877',1408,,1059,8,,,0,13,,1059,15,,,0
66019,'1489878',1438,,1060,8,,,0,13,,1060,15,,,0
66019,'1489879',1508,,1061,8,,,0,13,,1061,15,,,0
66019,'1489880',1538,,1062,8,,,0,13,,1062,15,,,0
66019,'1489881',1608,,1063,8,,,0,13,,1063,15,,,0
66019,'1489882',1638,,1064,8,,,0,13,,1064,15,,,0
66019,'1489883',1708,,1065,8,,,0,13,,1065,15,,,0
6809,'1480935',845,,1066,3,,,0
6809,'1480939',1545,,1067,3,,,0
6809,'1482170',726,,1068,2,,,0
6809,'1482173',1426,,1071,2,,,0
93019,'1496012',713,,1295,3,0,5,0
93019,'1496013',813,,1296,3,0,5,0
93019,'1496014',913,,1297,3,0,5,0
93019,'1496015',1013,,1298,3,0,5,0
93019,'1496016',1113,,1299,3,0,5,0
93019,'1496017',1213,,1300,3,0,5,0
93019,'1496018',1313,,1301,3,0,5,0
93019,'1496019',1413,,1302,3,0,5,0
93019,'1496020',1513,,1303,3,0,5,0
93019,'1496021',1613,,1304,3,0,5,0
93019,'1496022',1713,,1305,3,0,5,0
901019,'1480871',626,,454,5,0,6,0
901019,'1480872',746,,455,5,0,6,0
901019,'1490032',753,,1584,3,,,0,84,,1584,39,0,16 17,0
901019,'1490033',913,,1585,3,,,0,44,,1585,39,0,16 17,0
901019,'1490034',1033,,1586,3,,,0,84,,1586,39,0,16 17,0
901019,'1490035',1153,,1587,3,,,0,84,,1587,39,0,16 17,0
901019,'1490036',1313,,1588,3,,,0,44,,1588,39,0,16 17,0
901019,'1490037',1433,,1589,3,,,0,84,,1589,39,0,16 17,0
901019,'1490038',1553,,1590,3,,,0,84,,1590,39,0,16 17,0
901019,'1490039',1713,,1591,3,,,0,44,,1591,39,0,16 17,0
901019,'1490040',1833,,1592,3,,,0,84,,1592,39,0,16 17,0
901019,'1490041',1953,,1593,3,,,0,84,,1593,39,0,16 17,0
901019,'1490042',2113,,1594,3,,,0,44,,1594,39,0,16 17,0
901019,'1497372',633,,1595,3,,,0
901019,'1497373',733,,1596,3,,,0
901019,'1497374',833,,1597,3,,,0
901019,'1497375',933,,1598,3,,,0
901019,'1497376',1033,,1599,3,,,0
901019,'1497377',1133,,1600,3,,,0
901019,'1497378',1233,,1601,3,,,0
901019,'1497379',1333,,1602,3,,,0
901019,'1497380',1433,,1603,3,,,0
901019,'1497381',1533,,1604,3,,,0
901019,'1497382',1633,,1605,3,,,0
901019,'1497383',1733,,1606,3,,,0
901019,'1497384',1833,,1607,3,,,0,84,,1607,39,0,16 17,0
901019,'1497385',1953,,1608,3,,,0,84,,1608,39,0,16 17,0
901019,'1497386',2113,,1609,3,,,0,44,,1609,39,0,16 17,0
902019,'1490054',1837,,1610,7,0,16 17,0,76,,1610,29,,,0
902019,'1490055',1957,,1611,7,0,16 17,0,76,,1611,29,,,0
902019,'1490056',2117,,1612,7,0,16 17,0,36,,1612,29,,,0
902019,'1490057',757,,1613,7,0,16 17,0,76,,1613,29,,,0
902019,'1490058',917,,1614,7,0,16 17,0,36,,1614,29,,,0
902019,'1490059',1037,,1615,7,0,16 17,0,76,,1615,29,,,0
902019,'1490060',1157,,1616,7,0,16 17,0,76,,1616,29,,,0
902019,'1490061',1317,,1617,7,0,16 17,0,36,,1617,29,,,0
902019,'1490062',1437,,1618,7,0,16 17,0,76,,1618,29,,,0
902019,'1490063',1557,,1619,7,0,16 17,0,76,,1619,29,,,0
902019,'1490064',1717,,1620,7,0,16 17,0,36,,1620,29,,,0
902019,'1490065',1837,,1621,7,0,16 17,0,76,,1621,29,,,0
902019,'1490066',1957,,1622,7,0,16 17,0,76,,1622,29,,,0
902019,'1490067',2117,,1623,7,0,16 17,0,36,,1623,29,,,0
902019,'1490068',1753,,1624,3,,,0
902019,'1497387',653,,1625,3,,,0
902019,'1497388',753,,1626,3,,,0
902019,'1497389',853,,1627,3,,,0
902019,'1497390',953,,1628,3,,,0
902019,'1497391',1053,,1629,3,,,0
902019,'1497392',1153,,1630,3,,,0
902019,'1497393',1253,,1631,3,,,0
902019,'1497394',1353,,1632,3,,,0
902019,'1497395',1453,,1633,3,,,0
902019,'1497396',1553,,1634,3,,,0
902019,'1497397',1653,,1635,3,,,0
30000019,'1496023',830,,1329,9,,,0
30000019,'1496024',930,,1330,9,,,0
30000019,'1496025',1030,,1331,9,,,0
30000019,'1496026',1130,,1332,9,,,0
30000019,'1496027',1230,,1333,9,,,0
30000019,'1496028',1330,,1334,9,,,0
30000019,'1496029',1430,,1335,9,,,0
30000019,'1496030',1530,,1336,9,,,0
30000019,'1496031',1630,,1337,9,,,0
