901019,'1490032',754,,1584,5,,,0
901019,'1490033',914,,1585,5,,,0
901019,'1490034',1034,,1586,5,,,0
901019,'1490035',1154,,1587,5,,,0
901019,'1490036',1314,,1588,5,,,0
901019,'1490037',1434,,1589,5,,,0
901019,'1490038',1554,,1590,5,,,0
901019,'1490039',1714,,1591,5,,,0
901019,'1490040',1834,,1592,5,,,0
901019,'1490041',1954,,1593,5,,,0
901019,'1490042',2114,,1594,5,,,0
901019,'1497372',634,,1595,5,,,0
901019,'1497373',734,,1596,5,,,0
901019,'1497374',834,,1597,5,,,0
901019,'1497375',934,,1598,5,,,0
901019,'1497376',1034,,1599,5,,,0
901019,'1497377',1134,,1600,5,,,0
901019,'1497378',1234,,1601,5,,,0
901019,'1497379',1334,,1602,5,,,0
901019,'1497380',1434,,1603,5,,,0
901019,'1497381',1534,,1604,5,,,0
901019,'1497382',1634,,1605,5,,,0
901019,'1497383',1734,,1606,5,,,0
901019,'1497384',1834,,1607,5,,,0
901019,'1497385',1954,,1608,5,,,0
901019,'1497386',2114,,1609,5,,,0
902019,'1490054',1914,,1610,31,,,0
902019,'1490055',2034,,1611,31,,,0
902019,'1490056',2154,,1612,31,,,0
902019,'1490057',834,,1613,31,,,0
902019,'1490058',954,,1614,31,,,0
902019,'1490059',1114,,1615,31,,,0
902019,'1490060',1234,,1616,31,,,0
902019,'1490061',1354,,1617,31,,,0
902019,'1490062',1514,,1618,31,,,0
902019,'1490063',1634,,1619,31,,,0
902019,'1490064',1754,,1620,31,,,0
902019,'1490065',1914,,1621,31,,,0
902019,'1490066',2034,,1622,31,,,0
902019,'1490067',2154,,1623,31,,,0
902019,'1490068',1754,,1624,5,,,0
902019,'1497387',654,,1625,5,,,0
902019,'1497388',754,,1626,5,,,0
902019,'1497389',854,,1627,5,,,0
902019,'1497390',954,,1628,5,,,0
902019,'1497391',1054,,1629,5,,,0
902019,'1497392',1154,,1630,5,,,0
902019,'1497393',1254,,1631,5,,,0
902019,'1497394',1354,,1632,5,,,0
902019,'1497395',1454,,1633,5,,,0
902019,'1497396',1554,,1634,5,,,0
902019,'1497397',1654,,1635,5,,,0
