93019,'1496012',752,,1295,34,,,0
93019,'1496013',852,,1296,34,,,0
93019,'1496014',952,,1297,34,,,0
93019,'1496015',1052,,1298,34,,,0
93019,'1496016',1152,,1299,34,,,0
93019,'1496017',1252,,1300,34,,,0
93019,'1496018',1352,,1301,34,,,0
93019,'1496019',1452,,1302,34,,,0
93019,'1496020',1552,,1303,34,,,0
93019,'1496021',1652,,1304,34,,,0
93019,'1496022',1752,,1305,34,,,0
901019,'1497372',719,,1595,35,0,6,0
901019,'1497373',819,,1596,35,0,6,0
901019,'1497374',919,,1597,35,0,6,0
901019,'1497375',1019,,1598,35,0,6,0
901019,'1497376',1119,,1599,35,0,6,0
901019,'1497377',1219,,1600,35,0,6,0
901019,'1497378',1319,,1601,35,0,6,0
901019,'1497379',1419,,1602,35,0,6,0
901019,'1497380',1519,,1603,35,0,6,0
901019,'1497381',1619,,1604,35,0,6,0
901019,'1497382',1719,,1605,35,0,6,0
901019,'1497383',1819,,1606,35,0,6,0
902019,'1497387',739,,1625,35,0,6,0
902019,'1497388',839,,1626,35,0,6,0
902019,'1497389',939,,1627,35,0,6,0
902019,'1497390',1039,,1628,35,0,6,0
902019,'1497391',1139,,1629,35,0,6,0
902019,'1497392',1239,,1630,35,0,6,0
902019,'1497393',1339,,1631,35,0,6,0
902019,'1497394',1439,,1632,35,0,6,0
902019,'1497395',1539,,1633,35,0,6,0
902019,'1497396',1639,,1634,35,0,6,0
902019,'1497397',1739,,1635,35,0,6,0
