7019,'1489971',641,,113,5,0,7,0
7019,'1489972',721,,114,5,0,7,0
7019,'1489973',801,,115,5,0,7,0
7019,'1489974',841,,116,5,0,7,0
7019,'1489975',921,,117,5,0,7,0
7019,'1489976',1001,,118,5,0,7,0
7019,'1489977',1041,,917,5,0,7,0
7019,'1489978',1121,,918,5,0,7,0
7019,'1489979',1201,,919,5,0,7,0
7019,'1489980',1241,,920,5,0,7,0
7019,'1489981',1321,,921,5,0,7,0
7019,'1489982',1401,,922,5,0,7,0
7019,'1489983',1441,,119,5,0,7,0
7019,'1489984',1521,,120,5,0,7,0
7019,'1489985',1601,,121,5,0,7,0
7019,'1489986',1641,,122,5,0,7,0
7019,'1489987',1721,,123,5,0,7,0
7019,'1489988',1801,,124,5,0,7,0
7019,'1489989',1841,,923,5,0,7,0
7019,'1489990',1921,,924,5,0,7,0
7019,'1489991',2001,,925,5,0,7,0
7019,'1489992',2041,,926,5,0,7,0
7019,'1489993',2121,,927,5,0,7,0
7019,'1489994',2201,,928,5,0,7,0
7019,'1489995',801,,125,5,0,7,0
7019,'1489996',841,,126,5,0,7,0
7019,'1489997',921,,127,5,0,7,0
7019,'1489998',1001,,128,5,0,7,0
7019,'1489999',1041,,129,5,0,7,0
7019,'1490000',1121,,130,5,0,7,0
7019,'1490001',1201,,131,5,0,7,0
7019,'1490002',1241,,132,5,0,7,0
7019,'1490003',1321,,133,5,0,7,0
7019,'1490004',1401,,134,5,0,7,0
7019,'1490005',1441,,135,5,0,7,0
7019,'1490006',1521,,136,5,0,7,0
7019,'1490007',1601,,137,5,0,7,0
7019,'1490008',1641,,138,5,0,7,0
7019,'1490009',1721,,139,5,0,7,0
7019,'1490010',1801,,140,5,0,7,0
7019,'1490011',1841,,929,5,0,7,0
7019,'1490012',1921,,930,5,0,7,0
7019,'1490013',2001,,931,5,0,7,0
7019,'1490014',2041,,932,5,0,7,0
7019,'1490015',2121,,933,5,0,7,0
7019,'1490016',2201,,934,5,0,7,0
