19019,'1489098',650,,1214,14,,,0
19019,'1489099',730,,1215,14,,,0
19019,'1489100',810,,1216,14,,,0
19019,'1489101',850,,1217,14,,,0
19019,'1489102',930,,1218,14,,,0
19019,'1489103',1010,,1219,14,,,0
19019,'1489104',1050,,1220,14,,,0
19019,'1489105',1130,,1221,14,,,0
19019,'1489106',1210,,1222,14,,,0
19019,'1489107',1250,,1223,14,,,0
19019,'1489108',1330,,1224,14,,,0
19019,'1489109',1410,,1225,14,,,0
19019,'1489110',1450,,1226,14,,,0
19019,'1489111',1530,,1227,14,,,0
19019,'1489112',1610,,1228,14,,,0
19019,'1489113',1650,,1229,14,,,0
19019,'1489114',1730,,1230,14,,,0
19019,'1489115',1810,,1231,14,,,0
19019,'1489116',710,,1232,14,,,0
19019,'1489117',750,,1233,14,,,0
19019,'1489118',830,,1234,14,,,0
19019,'1489119',910,,1235,14,,,0
19019,'1489120',950,,1236,14,,,0
19019,'1489121',1030,,1237,14,,,0
19019,'1489122',1110,,1238,14,,,0
19019,'1489123',1150,,1239,14,,,0
19019,'1489124',1230,,1240,14,,,0
19019,'1489125',1310,,1241,14,,,0
19019,'1489126',1350,,1242,14,,,0
19019,'1489127',1430,,1243,14,,,0
19019,'1489128',1510,,1244,14,,,0
19019,'1489129',1550,,1245,14,,,0
19019,'1489130',1630,,1246,14,,,0
19019,'1489131',1710,,1247,14,,,0
19019,'1489132',1750,,1248,14,,,0
901019,'1490032',850,,1584,46,0,16 17,0
901019,'1490033',1010,,1585,46,0,16 17,0
901019,'1490034',1130,,1586,46,0,16 17,0
901019,'1490035',1250,,1587,46,0,16 17,0
901019,'1490036',1410,,1588,46,0,16 17,0
901019,'1490037',1530,,1589,46,0,16 17,0
901019,'1490038',1650,,1590,46,0,16 17,0
901019,'1490039',1810,,1591,46,0,16 17,0
901019,'1490040',1930,,1592,46,0,16 17,0
901019,'1490041',2050,,1593,46,0,16 17,0
901019,'1490042',2210,,1594,46,0,16 17,0
901019,'1497384',1930,,1607,46,0,16 17,0
901019,'1497385',2050,,1608,46,0,16 17,0
901019,'1497386',2210,,1609,46,0,16 17,0
902019,'1490054',1850,,1610,14,0,16 17,0
902019,'1490055',2010,,1611,14,0,16 17,0
902019,'1490056',2130,,1612,14,0,16 17,0
902019,'1490057',810,,1613,14,0,16 17,0
902019,'1490058',930,,1614,14,0,16 17,0
902019,'1490059',1050,,1615,14,0,16 17,0
902019,'1490060',1210,,1616,14,0,16 17,0
902019,'1490061',1330,,1617,14,0,16 17,0
902019,'1490062',1450,,1618,14,0,16 17,0
902019,'1490063',1610,,1619,14,0,16 17,0
902019,'1490064',1730,,1620,14,0,16 17,0
902019,'1490065',1850,,1621,14,0,16 17,0
902019,'1490066',2010,,1622,14,0,16 17,0
902019,'1490067',2130,,1623,14,0,16 17,0
