1019,'1482680',821,,3,28,0,11,0
1019,'1482681',901,,4,28,0,11,0
1019,'1482682',941,,5,28,0,11,0
1019,'1482683',1021,,6,28,0,11,0
1019,'1482684',1101,,7,28,0,11,0
1019,'1482685',1141,,8,28,0,11,0
1019,'1482686',1221,,9,28,0,11,0
1019,'1482687',1301,,10,28,0,11,0
1019,'1482688',1341,,11,28,0,11,0
1019,'1482689',1421,,12,28,0,11,0
1019,'1482690',1501,,13,28,0,11,0
1019,'1482691',1541,,14,28,0,11,0
1019,'1482692',1621,,15,28,0,11,0
1019,'1482693',1701,,16,28,0,11,0
1019,'1482694',1741,,17,28,0,11,0
1019,'1482695',1821,,18,28,0,11,0
1019,'1482696',1901,,19,28,0,11,0
1019,'1482697',1941,,20,28,0,11,0
1019,'1482698',2021,,21,28,0,11,0
1019,'1482699',2101,,22,28,0,11,0
1019,'1482700',2141,,23,28,0,11,0
1019,'1482701',2221,,24,28,0,11,0
1019,'1485865',659,,26,31,0,11,0
1019,'1485866',739,,27,31,0,11,0
1019,'1485867',819,,28,31,0,11,0
1019,'1485868',859,,29,31,0,11,0
1019,'1485869',939,,30,31,0,11,0
1019,'1485870',1019,,31,31,0,11,0
1019,'1485871',1059,,32,31,0,11,0
1019,'1485872',1139,,33,31,0,11,0
1019,'1485873',1219,,34,31,0,11,0
1019,'1485874',1259,,35,31,0,11,0
1019,'1485875',1339,,36,31,0,11,0
1019,'1485876',1419,,37,31,0,11,0
1019,'1485877',1459,,38,31,0,11,0
1019,'1485878',1539,,39,31,0,11,0
1019,'1485879',1619,,40,31,0,11,0
1019,'1485880',1659,,41,31,0,11,0
1019,'1485881',1739,,42,31,0,11,0
1019,'1485882',1819,,43,31,0,11,0
1019,'1485883',816,,869,31,0,11,0
1019,'1485884',856,,870,31,0,11,0
1019,'1485885',936,,871,31,0,11,0
1019,'1485886',1016,,872,31,0,11,0
1019,'1485887',1056,,873,31,0,11,0
1019,'1485888',1136,,874,31,0,11,0
1019,'1485889',1216,,875,31,0,11,0
1019,'1485890',1256,,876,31,0,11,0
1019,'1485891',1336,,877,31,0,11,0
1019,'1485892',1416,,878,31,0,11,0
1019,'1485893',1456,,879,31,0,11,0
1019,'1485894',1536,,880,31,0,11,0
1019,'1485895',1616,,881,31,0,11,0
1019,'1485896',1656,,882,31,0,11,0
1019,'1485897',1736,,883,31,0,11,0
1019,'1485898',1816,,884,31,0,11,0
