1019,'1483501',745,,25,4,0,18,0
2019,'1483532',745,,885,4,,,0
2019,'1486350',641,,1505,16,,,0
2019,'1486351',721,,1506,16,,,0
2019,'1486352',801,,1507,16,,,0
2019,'1486353',841,,1508,16,,,0
2019,'1486354',921,,1509,16,,,0
2019,'1486355',1001,,1510,16,,,0
2019,'1486356',1041,,1511,16,,,0
2019,'1486357',1121,,1512,16,,,0
2019,'1486358',1201,,1513,16,,,0
2019,'1486359',1241,,1514,16,,,0
2019,'1486360',1321,,1515,16,,,0
2019,'1486361',1401,,1516,16,,,0
2019,'1486362',1441,,1517,16,,,0
2019,'1486363',1521,,1518,16,,,0
2019,'1486364',1601,,1519,16,,,0
2019,'1486365',1641,,1520,16,,,0
2019,'1486366',1721,,1521,16,,,0
2019,'1486367',821,,1522,33,,,0
2019,'1486368',901,,1523,33,,,0
2019,'1486369',941,,1524,33,,,0
2019,'1486370',1021,,1525,33,,,0
2019,'1486371',1101,,1526,33,,,0
2019,'1486372',1141,,1527,33,,,0
2019,'1486373',1221,,1528,33,,,0
2019,'1486374',1301,,1529,33,,,0
2019,'1486375',1341,,1530,33,,,0
2019,'1486376',1421,,1531,33,,,0
2019,'1486377',1501,,1532,33,,,0
2019,'1486378',1541,,1533,33,,,0
2019,'1486379',1621,,1534,33,,,0
2019,'1486380',1701,,1535,33,,,0
2019,'1486381',1741,,1536,33,,,0
2019,'1486382',1821,,1537,33,,,0
2019,'1486958',1801,,1538,16,,,0
30000019,'1496023',823,,1329,7,,,0
30000019,'1496024',923,,1330,7,,,0
30000019,'1496025',1023,,1331,7,,,0
30000019,'1496026',1123,,1332,7,,,0
30000019,'1496027',1223,,1333,7,,,0
30000019,'1496028',1323,,1334,7,,,0
30000019,'1496029',1423,,1335,7,,,0
30000019,'1496030',1523,,1336,7,,,0
30000019,'1496031',1623,,1337,7,,,0
