66019,'1489865',806,,1047,6,,,0
66019,'1489866',836,,1048,6,,,0
66019,'1489867',906,,1049,6,,,0
66019,'1489868',936,,1050,6,,,0
66019,'1489869',1006,,1051,6,,,0
66019,'1489870',1036,,1052,6,,,0
66019,'1489871',1106,,1053,6,,,0
66019,'1489872',1136,,1054,6,,,0
66019,'1489873',1206,,1055,6,,,0
66019,'1489874',1236,,1056,6,,,0
66019,'1489875',1306,,1057,6,,,0
66019,'1489876',1336,,1058,6,,,0
66019,'1489877',1406,,1059,6,,,0
66019,'1489878',1436,,1060,6,,,0
66019,'1489879',1506,,1061,6,,,0
66019,'1489880',1536,,1062,6,,,0
66019,'1489881',1606,,1063,6,,,0
66019,'1489882',1636,,1064,6,,,0
66019,'1489883',1706,,1065,6,,,0
