1019,'1482680',811,,3,19,0,11,0
1019,'1482681',851,,4,19,0,11,0
1019,'1482682',931,,5,19,0,11,0
1019,'1482683',1011,,6,19,0,11,0
1019,'1482684',1051,,7,19,0,11,0
1019,'1482685',1131,,8,19,0,11,0
1019,'1482686',1211,,9,19,0,11,0
1019,'1482687',1251,,10,19,0,11,0
1019,'1482688',1331,,11,19,0,11,0
1019,'1482689',1411,,12,19,0,11,0
1019,'1482690',1451,,13,19,0,11,0
1019,'1482691',1531,,14,19,0,11,0
1019,'1482692',1611,,15,19,0,11,0
1019,'1482693',1651,,16,19,0,11,0
1019,'1482694',1731,,17,19,0,11,0
1019,'1482695',1811,,18,19,0,11,0
1019,'1482696',1851,,19,19,0,11,0
1019,'1482697',1931,,20,19,0,11,0
1019,'1482698',2011,,21,19,0,11,0
1019,'1482699',2051,,22,19,0,11,0
1019,'1482700',2131,,23,19,0,11,0
1019,'1482701',2211,,24,19,0,11,0
1019,'1485865',651,,26,22,0,11,0
1019,'1485866',731,,27,22,0,11,0
1019,'1485867',811,,28,22,0,11,0
1019,'1485868',851,,29,22,0,11,0
1019,'1485869',931,,30,22,0,11,0
1019,'1485870',1011,,31,22,0,11,0
1019,'1485871',1051,,32,22,0,11,0
1019,'1485872',1131,,33,22,0,11,0
1019,'1485873',1211,,34,22,0,11,0
1019,'1485874',1251,,35,22,0,11,0
1019,'1485875',1331,,36,22,0,11,0
1019,'1485876',1411,,37,22,0,11,0
1019,'1485877',1451,,38,22,0,11,0
1019,'1485878',1531,,39,22,0,11,0
1019,'1485879',1611,,40,22,0,11,0
1019,'1485880',1651,,41,22,0,11,0
1019,'1485881',1731,,42,22,0,11,0
1019,'1485882',1811,,43,22,0,11,0
1019,'1485883',810,,869,22,0,11,0
1019,'1485884',850,,870,22,0,11,0
1019,'1485885',930,,871,22,0,11,0
1019,'1485886',1010,,872,22,0,11,0
1019,'1485887',1050,,873,22,0,11,0
1019,'1485888',1130,,874,22,0,11,0
1019,'1485889',1210,,875,22,0,11,0
1019,'1485890',1250,,876,22,0,11,0
1019,'1485891',1330,,877,22,0,11,0
1019,'1485892',1410,,878,22,0,11,0
1019,'1485893',1450,,879,22,0,11,0
1019,'1485894',1530,,880,22,0,11,0
1019,'1485895',1610,,881,22,0,11,0
1019,'1485896',1650,,882,22,0,11,0
1019,'1485897',1730,,883,22,0,11,0
1019,'1485898',1810,,884,22,0,11,0
2019,'1486350',631,,1338,3,,,0
2019,'1486351',711,,1339,3,,,0
2019,'1486352',751,,1340,3,,,0
2019,'1486353',831,,1341,3,,,0
2019,'1486354',911,,1342,3,,,0
2019,'1486355',951,,1343,3,,,0
2019,'1486356',1031,,1344,3,,,0
2019,'1486357',1111,,1345,3,,,0
2019,'1486358',1151,,1346,3,,,0
2019,'1486359',1231,,1347,3,,,0
2019,'1486360',1311,,1348,3,,,0
2019,'1486361',1351,,1349,3,,,0
2019,'1486362',1431,,1350,3,,,0
2019,'1486363',1511,,1351,3,,,0
2019,'1486364',1551,,1352,3,,,0
2019,'1486365',1631,,1353,3,,,0
2019,'1486366',1711,,1354,3,,,0
2019,'1486958',1751,,1371,3,,,0
2019,'1492775',631,,1425,3,,,0
2019,'1492776',711,,1426,3,,,0
2019,'1492777',751,,1427,3,,,0
2019,'1492778',831,,1428,3,,,0
2019,'1492779',911,,1429,3,,,0
2019,'1492780',951,,1430,3,,,0
2019,'1492781',1031,,1431,3,,,0
2019,'1492782',1111,,1432,3,,,0
2019,'1492783',1151,,1433,3,,,0
2019,'1492784',1231,,1434,3,,,0
2019,'1492785',1311,,1435,3,,,0
2019,'1492786',1351,,1436,3,,,0
2019,'1492787',1431,,1437,3,,,0
2019,'1492788',1511,,1438,3,,,0
2019,'1492789',1551,,1439,3,,,0
2019,'1492790',1631,,1440,3,,,0
2019,'1492791',1711,,1441,3,,,0
2019,'1492792',1751,,1442,3,,,0
2019,'1495973',811,,1443,20,,,0
2019,'1495974',851,,1444,20,,,0
2019,'1495975',931,,1445,20,,,0
2019,'1495976',1011,,1446,20,,,0
2019,'1495977',1051,,1447,20,,,0
2019,'1495978',1131,,1448,20,,,0
2019,'1495979',1211,,1449,20,,,0
2019,'1495980',1251,,1450,20,,,0
2019,'1495981',1331,,1451,20,,,0
2019,'1495982',1411,,1452,20,,,0
2019,'1495983',1451,,1453,20,,,0
2019,'1495984',1531,,1454,20,,,0
2019,'1495985',1611,,1455,20,,,0
2019,'1495986',1651,,1456,20,,,0
2019,'1495987',1731,,1457,20,,,0
2019,'1495988',1811,,1458,20,,,0
30000019,'1496023',816,,1329,2,,,0
30000019,'1496024',916,,1330,2,,,0
30000019,'1496025',1016,,1331,2,,,0
30000019,'1496026',1116,,1332,2,,,0
30000019,'1496027',1216,,1333,2,,,0
30000019,'1496028',1316,,1334,2,,,0
30000019,'1496029',1416,,1335,2,,,0
30000019,'1496030',1516,,1336,2,,,0
30000019,'1496031',1616,,1337,2,,,0
