15019,'1492887',1850,,1660,23,,,0
15019,'1492888',1950,,1661,23,,,0
15019,'1492889',2050,,1662,23,,,0
15019,'1492890',2150,,1663,23,,,0
15019,'1495961',650,,1664,23,,,0
15019,'1495962',750,,1665,23,,,0
15019,'1495963',850,,1666,23,,,0
15019,'1495964',950,,1667,23,,,0
15019,'1495965',1050,,1668,23,,,0
15019,'1495966',1150,,1669,23,,,0
15019,'1495967',1250,,1670,23,,,0
15019,'1495968',1350,,1671,23,,,0
15019,'1495969',1450,,1672,23,,,0
15019,'1495970',1550,,1673,23,,,0
15019,'1495971',1650,,1674,23,,,0
15019,'1495972',1750,,1675,23,,,0
15019,'1497631',650,,1676,23,,,0
15019,'1497632',750,,1677,23,,,0
15019,'1497633',850,,1678,23,,,0
15019,'1497634',950,,1679,23,,,0
15019,'1497635',1050,,1680,23,,,0
15019,'1497636',1150,,1681,23,,,0
15019,'1497637',1250,,1682,23,,,0
15019,'1497638',1350,,1683,23,,,0
15019,'1497639',1450,,1684,23,,,0
15019,'1497640',1550,,1685,23,,,0
15019,'1497641',1650,,1686,23,,,0
15019,'1497642',1750,,1687,23,,,0
15019,'1497643',1850,,1688,23,,,0
15019,'1497644',1950,,1689,23,,,0
15019,'1497645',2050,,1690,23,,,0
15019,'1497646',2150,,1691,23,,,0
15019,'1497647',850,,1692,23,,,0
15019,'1497648',950,,1693,23,,,0
15019,'1497649',1050,,1694,23,,,0
15019,'1497650',1150,,1695,23,,,0
15019,'1497651',1250,,1696,23,,,0
15019,'1497652',1350,,1697,23,,,0
15019,'1497653',1450,,1698,23,,,0
15019,'1497654',1550,,1699,23,,,0
15019,'1497655',1650,,1700,23,,,0
15019,'1497656',1750,,1701,23,,,0
15019,'1497657',1850,,1702,23,,,0
15019,'1497658',1950,,1703,23,,,0
15019,'1497659',2050,,1704,23,,,0
15019,'1497660',2150,,1705,23,,,0
