1019,'1485865',633,,26,2,0,11,0
1019,'1485866',713,,27,2,0,11,0
1019,'1485867',753,,28,2,0,11,0
1019,'1485868',833,,29,2,0,11,0
1019,'1485869',913,,30,2,0,11,0
1019,'1485870',953,,31,2,0,11,0
1019,'1485871',1033,,32,2,0,11,0
1019,'1485872',1113,,33,2,0,11,0
1019,'1485873',1153,,34,2,0,11,0
1019,'1485874',1233,,35,2,0,11,0
1019,'1485875',1313,,36,2,0,11,0
1019,'1485876',1353,,37,2,0,11,0
1019,'1485877',1433,,38,2,0,11,0
1019,'1485878',1513,,39,2,0,11,0
1019,'1485879',1553,,40,2,0,11,0
1019,'1485880',1633,,41,2,0,11,0
1019,'1485881',1713,,42,2,0,11,0
1019,'1485882',1753,,43,2,0,11,0
1019,'1485883',753,,869,2,0,11,0
1019,'1485884',833,,870,2,0,11,0
1019,'1485885',913,,871,2,0,11,0
1019,'1485886',953,,872,2,0,11,0
1019,'1485887',1033,,873,2,0,11,0
1019,'1485888',1113,,874,2,0,11,0
1019,'1485889',1153,,875,2,0,11,0
1019,'1485890',1233,,876,2,0,11,0
1019,'1485891',1313,,877,2,0,11,0
1019,'1485892',1353,,878,2,0,11,0
1019,'1485893',1433,,879,2,0,11,0
1019,'1485894',1513,,880,2,0,11,0
1019,'1485895',1553,,881,2,0,11,0
1019,'1485896',1633,,882,2,0,11,0
1019,'1485897',1713,,883,2,0,11,0
1019,'1485898',1753,,884,2,0,11,0
3019,'1486996',812,,1149,25,,,0
3019,'1486997',852,,1150,25,,,0
3019,'1486998',932,,1151,25,,,0
3019,'1486999',1012,,1152,25,,,0
3019,'1487000',1052,,1153,25,,,0
3019,'1487001',1132,,1154,25,,,0
3019,'1487002',1212,,1155,25,,,0
3019,'1487003',1252,,1156,25,,,0
3019,'1487004',1332,,1157,25,,,0
3019,'1487005',1412,,1158,25,,,0
3019,'1487006',1452,,1159,25,,,0
3019,'1487007',1532,,1160,25,,,0
3019,'1487008',1612,,1161,25,,,0
3019,'1487009',1652,,1162,25,,,0
6809,'1480935',846,,1066,6,,,0
6809,'1480939',1546,,1067,6,,,0
