20019,'1487191',658,,1001,27,,,0
20019,'1487192',738,,1002,27,,,0
20019,'1487193',818,,1003,27,,,0
20019,'1487194',858,,1004,27,,,0
20019,'1487195',938,,1005,27,,,0
20019,'1487196',1018,,1006,27,,,0
20019,'1487197',1058,,1007,27,,,0
20019,'1487198',1138,,1008,27,,,0
20019,'1487199',1218,,1009,27,,,0
20019,'1487200',1258,,1010,27,,,0
20019,'1487201',1338,,1011,27,,,0
20019,'1487202',1418,,1012,27,,,0
20019,'1487203',1458,,1013,27,,,0
20019,'1487204',1538,,1014,27,,,0
20019,'1487205',1618,,1015,27,,,0
20019,'1487206',1658,,1016,27,,,0
20019,'1487207',1738,,1017,27,,,0
20019,'1487208',1818,,1018,27,,,0
20019,'1487209',1858,,1019,27,,,0
20019,'1487210',1938,,1020,27,,,0
20019,'1487211',2018,,1021,27,,,0
20019,'1487212',2058,,1022,27,,,0
20019,'1487213',2138,,1023,27,,,0
20019,'1487214',2218,,1024,27,,,0
20019,'1487215',818,,1025,27,,,0
20019,'1487216',858,,1026,27,,,0
20019,'1487217',938,,1027,27,,,0
20019,'1487218',1018,,1028,27,,,0
20019,'1487219',1058,,1029,27,,,0
20019,'1487220',1138,,1030,27,,,0
20019,'1487221',1218,,1031,27,,,0
20019,'1487222',1258,,1032,27,,,0
20019,'1487223',1338,,1033,27,,,0
20019,'1487224',1418,,1034,27,,,0
20019,'1487225',1458,,1035,27,,,0
20019,'1487226',1538,,1036,27,,,0
20019,'1487227',1618,,1037,27,,,0
20019,'1487228',1658,,1038,27,,,0
20019,'1487229',1738,,1039,27,,,0
20019,'1487230',1818,,1040,27,,,0
20019,'1487231',1858,,1041,27,,,0
20019,'1487232',1938,,1042,27,,,0
20019,'1487233',2018,,1043,27,,,0
20019,'1487234',2058,,1044,27,,,0
20019,'1487235',2138,,1045,27,,,0
20019,'1487236',2218,,1046,27,,,0
