14019,'1480854',623,,207,1,,,0
14019,'1480855',743,,208,1,,,0
14019,'1492813',635,,577,7,,,0,70,,577,33,,,0
14019,'1492814',715,,578,7,,,0,30,,578,33,,,0
14019,'1492815',755,,579,7,,,0,70,,579,33,,,0
14019,'1492816',835,,580,7,,,0,70,,580,33,,,0
14019,'1492817',915,,581,7,,,0,30,,581,33,,,0
14019,'1492818',955,,582,7,,,0,70,,582,33,,,0
14019,'1492819',1035,,583,7,,,0,70,,583,33,,,0
14019,'1492820',1115,,584,7,,,0,30,,584,33,,,0
14019,'1492821',1155,,585,7,,,0,70,,585,33,,,0
14019,'1492822',1235,,586,7,,,0,70,,586,33,,,0
14019,'1492823',1315,,587,7,,,0,30,,587,33,,,0
14019,'1492824',1355,,588,7,,,0,70,,588,33,,,0
14019,'1492825',1435,,589,7,,,0,70,,589,33,,,0
14019,'1492826',1515,,590,7,,,0,30,,590,33,,,0
14019,'1492827',1555,,591,7,,,0,70,,591,33,,,0
14019,'1492828',1635,,592,7,,,0,70,,592,33,,,0
14019,'1492829',1715,,593,7,,,0,30,,593,33,,,0
14019,'1492830',1755,,594,7,,,0,70,,594,33,,,0
14019,'1492831',1835,,595,7,,,0,70,,595,33,,,0
14019,'1492832',1915,,596,7,,,0,30,,596,33,,,0
14019,'1492833',1955,,597,7,,,0,70,,597,33,,,0
14019,'1492834',2035,,598,7,,,0,70,,598,33,,,0
14019,'1492835',2115,,599,7,,,0,30,,599,33,,,0
14019,'1492836',2155,,600,7,,,0,70,,600,33,,,0
14019,'1492837',755,,601,7,,,0,70,,601,33,,,0
14019,'1492838',835,,602,7,,,0,70,,602,33,,,0
14019,'1492839',915,,603,7,,,0,30,,603,33,,,0
14019,'1492840',955,,604,7,,,0,70,,604,33,,,0
14019,'1492841',1035,,605,7,,,0,70,,605,33,,,0
14019,'1492842',1115,,606,7,,,0,30,,606,33,,,0
14019,'1492843',1155,,607,7,,,0,70,,607,33,,,0
14019,'1492844',1235,,608,7,,,0,70,,608,33,,,0
14019,'1492845',1315,,609,7,,,0,30,,609,33,,,0
14019,'1492846',1355,,610,7,,,0,70,,610,33,,,0
14019,'1492847',1435,,611,7,,,0,70,,611,33,,,0
14019,'1492848',1515,,612,7,,,0,30,,612,33,,,0
14019,'1492849',1555,,613,7,,,0,70,,613,33,,,0
14019,'1492850',1635,,614,7,,,0,70,,614,33,,,0
14019,'1492851',1715,,615,7,,,0,30,,615,33,,,0
14019,'1492852',1755,,616,7,,,0,70,,616,33,,,0
14019,'1492853',1835,,617,7,,,0,70,,617,33,,,0
14019,'1492854',1915,,618,7,,,0,30,,618,33,,,0
14019,'1492855',1955,,619,7,,,0,70,,619,33,,,0
14019,'1492856',2035,,620,7,,,0,70,,620,33,,,0
14019,'1492857',2115,,621,7,,,0,30,,621,33,,,0
14019,'1492858',2155,,622,7,,,0,70,,622,33,,,0
