7019,'1482898',630,,111,5,0,8,0
7019,'1482899',750,,112,5,0,8,0
12019,'1482623',700,,170,5,0,8,0
12019,'1482624',800,,171,5,0,8,0
16019,'1497350',758,,1563,16,0,9 10,0
16019,'1497351',858,,1564,16,0,9 10,0
16019,'1497352',958,,1565,16,0,9 10,0
16019,'1497353',1058,,1566,16,0,9 10,0
16019,'1497354',1158,,1567,16,0,9 10,0
16019,'1497355',1258,,1568,16,0,9 10,0
16019,'1497356',1358,,1569,16,0,9 10,0
16019,'1497357',1458,,1570,16,0,9 10,0
16019,'1497358',1558,,1571,16,0,9 10,0
16019,'1497359',1658,,1572,16,0,9 10,0
16019,'1497360',1758,,1573,16,0,9 10,0
16019,'1497361',858,,1574,16,0,9 10,0
16019,'1497362',958,,1575,16,0,9 10,0
16019,'1497363',1058,,1576,16,0,9 10,0
16019,'1497364',1158,,1577,16,0,9 10,0
16019,'1497365',1258,,1578,16,0,9 10,0
16019,'1497366',1358,,1579,16,0,9 10,0
16019,'1497367',1458,,1580,16,0,9 10,0
16019,'1497368',1558,,1581,16,0,9 10,0
16019,'1497369',1658,,1582,16,0,9 10,0
16019,'1497370',1758,,1583,16,0,9 10,0
