14019,'1492813',630,,577,2,,,0
14019,'1492814',710,,578,2,,,0
14019,'1492815',750,,579,2,,,0
14019,'1492816',830,,580,2,,,0
14019,'1492817',910,,581,2,,,0
14019,'1492818',950,,582,2,,,0
14019,'1492819',1030,,583,2,,,0
14019,'1492820',1110,,584,2,,,0
14019,'1492821',1150,,585,2,,,0
14019,'1492822',1230,,586,2,,,0
14019,'1492823',1310,,587,2,,,0
14019,'1492824',1350,,588,2,,,0
14019,'1492825',1430,,589,2,,,0
14019,'1492826',1510,,590,2,,,0
14019,'1492827',1550,,591,2,,,0
14019,'1492828',1630,,592,2,,,0
14019,'1492829',1710,,593,2,,,0
14019,'1492830',1750,,594,2,,,0
14019,'1492831',1830,,595,2,,,0
14019,'1492832',1910,,596,2,,,0
14019,'1492833',1950,,597,2,,,0
14019,'1492834',2030,,598,2,,,0
14019,'1492835',2110,,599,2,,,0
14019,'1492836',2150,,600,2,,,0
14019,'1494878',630,,793,2,,,0
14019,'1494879',710,,794,2,,,0
14019,'1494880',750,,795,2,,,0
14019,'1494881',830,,796,2,,,0
14019,'1494882',910,,797,2,,,0
14019,'1494883',950,,798,2,,,0
14019,'1494884',1030,,799,2,,,0
14019,'1494885',1110,,800,2,,,0
14019,'1494886',1150,,801,2,,,0
14019,'1494887',1230,,802,2,,,0
14019,'1494888',1310,,803,2,,,0
14019,'1494889',1350,,804,2,,,0
14019,'1494890',1430,,805,2,,,0
14019,'1494891',1510,,806,2,,,0
14019,'1494892',1550,,807,2,,,0
14019,'1494893',1630,,808,2,,,0
14019,'1494894',1710,,809,2,,,0
14019,'1494895',1750,,810,2,,,0
14019,'1494896',1830,,811,2,,,0
14019,'1494897',1910,,812,2,,,0
14019,'1494898',1950,,813,2,,,0
14019,'1494899',2030,,814,2,,,0
14019,'1494900',2110,,815,2,,,0
14019,'1494901',2150,,816,2,,,0
14019,'1494902',750,,817,2,,,0
14019,'1494903',830,,818,2,,,0
14019,'1494904',910,,819,2,,,0
14019,'1494905',950,,820,2,,,0
14019,'1494906',1030,,821,2,,,0
14019,'1494907',1110,,822,2,,,0
14019,'1494908',1150,,823,2,,,0
14019,'1494909',1230,,824,2,,,0
14019,'1494910',1310,,825,2,,,0
14019,'1494911',1350,,826,2,,,0
14019,'1494912',1430,,827,2,,,0
14019,'1494913',1510,,828,2,,,0
14019,'1494914',1550,,829,2,,,0
14019,'1494915',1630,,830,2,,,0
14019,'1494916',1710,,831,2,,,0
14019,'1494917',1750,,832,2,,,0
14019,'1494918',1830,,833,2,,,0
14019,'1494919',1910,,834,2,,,0
14019,'1494920',1950,,835,2,,,0
14019,'1494921',2030,,836,2,,,0
14019,'1494922',2110,,837,2,,,0
14019,'1494923',2150,,838,2,,,0
