93019,'1497427',735,,1706,22,,,0
93019,'1497428',835,,1707,22,,,0
93019,'1497429',935,,1708,22,,,0
93019,'1497430',1035,,1709,22,,,0
93019,'1497431',1135,,1710,22,,,0
93019,'1497432',1235,,1711,22,,,0
93019,'1497433',1335,,1712,22,,,0
93019,'1497434',1435,,1713,22,,,0
93019,'1497435',1535,,1714,22,,,0
93019,'1497436',1635,,1715,22,,,0
93019,'1497437',1735,,1716,22,,,0
901019,'1490032',814,,1584,22,0,6,0
901019,'1490033',934,,1585,22,0,6,0
901019,'1490034',1054,,1586,22,0,6,0
901019,'1490035',1214,,1587,22,0,6,0
901019,'1490036',1334,,1588,22,0,6,0
901019,'1490037',1454,,1589,22,0,6,0
901019,'1490038',1614,,1590,22,0,6,0
901019,'1490039',1734,,1591,22,0,6,0
901019,'1490040',1854,,1592,22,0,6,0
901019,'1490041',2014,,1593,22,0,6,0
901019,'1490042',2134,,1594,22,0,6,0
901019,'1497372',654,,1595,22,0,6,0
901019,'1497373',754,,1596,22,0,6,0
901019,'1497374',854,,1597,22,0,6,0
901019,'1497375',954,,1598,22,0,6,0
901019,'1497376',1054,,1599,22,0,6,0
901019,'1497377',1154,,1600,22,0,6,0
901019,'1497378',1254,,1601,22,0,6,0
901019,'1497379',1354,,1602,22,0,6,0
901019,'1497380',1454,,1603,22,0,6,0
901019,'1497381',1554,,1604,22,0,6,0
901019,'1497382',1654,,1605,22,0,6,0
901019,'1497383',1754,,1606,22,0,6,0
901019,'1497384',1855,,1607,22,0,6,0
901019,'1497385',2015,,1608,22,0,6,0
901019,'1497386',2135,,1609,22,0,6,0
902019,'1490054',1934,,1610,48,0,6,0
902019,'1490055',2054,,1611,48,0,6,0
902019,'1490056',2214,,1612,48,0,6,0
902019,'1490057',854,,1613,48,0,6,0
902019,'1490058',1014,,1614,48,0,6,0
902019,'1490059',1134,,1615,48,0,6,0
902019,'1490060',1254,,1616,48,0,6,0
902019,'1490061',1414,,1617,48,0,6,0
902019,'1490062',1534,,1618,48,0,6,0
902019,'1490063',1654,,1619,48,0,6,0
902019,'1490064',1814,,1620,48,0,6,0
902019,'1490065',1934,,1621,48,0,6,0
902019,'1490066',2054,,1622,48,0,6,0
902019,'1490067',2214,,1623,48,0,6,0
902019,'1490068',1814,,1624,22,0,6,0
902019,'1497387',714,,1625,22,0,6,0
902019,'1497388',814,,1626,22,0,6,0
902019,'1497389',914,,1627,22,0,6,0
902019,'1497390',1014,,1628,22,0,6,0
902019,'1497391',1114,,1629,22,0,6,0
902019,'1497392',1214,,1630,22,0,6,0
902019,'1497393',1314,,1631,22,0,6,0
902019,'1497394',1414,,1632,22,0,6,0
902019,'1497395',1514,,1633,22,0,6,0
902019,'1497396',1614,,1634,22,0,6,0
902019,'1497397',1714,,1635,22,0,6,0
