2019,'1492775',635,,1425,9,,,0
2019,'1492776',715,,1426,9,,,0
2019,'1492777',755,,1427,9,,,0
2019,'1492778',835,,1428,9,,,0
2019,'1492779',915,,1429,9,,,0
2019,'1492780',955,,1430,9,,,0
2019,'1492781',1035,,1431,9,,,0
2019,'1492782',1115,,1432,9,,,0
2019,'1492783',1155,,1433,9,,,0
2019,'1492784',1235,,1434,9,,,0
2019,'1492785',1315,,1435,9,,,0
2019,'1492786',1355,,1436,9,,,0
2019,'1492787',1435,,1437,9,,,0
2019,'1492788',1515,,1438,9,,,0
2019,'1492789',1555,,1439,9,,,0
2019,'1492790',1635,,1440,9,,,0
2019,'1492791',1715,,1441,9,,,0
2019,'1492792',1755,,1442,9,,,0
2019,'1495973',815,,1443,26,,,0
2019,'1495974',855,,1444,26,,,0
2019,'1495975',935,,1445,26,,,0
2019,'1495976',1015,,1446,26,,,0
2019,'1495977',1055,,1447,26,,,0
2019,'1495978',1135,,1448,26,,,0
2019,'1495979',1215,,1449,26,,,0
2019,'1495980',1255,,1450,26,,,0
2019,'1495981',1335,,1451,26,,,0
2019,'1495982',1415,,1452,26,,,0
2019,'1495983',1455,,1453,26,,,0
2019,'1495984',1535,,1454,26,,,0
2019,'1495985',1615,,1455,26,,,0
2019,'1495986',1655,,1456,26,,,0
2019,'1495987',1735,,1457,26,,,0
2019,'1495988',1815,,1458,26,,,0
