2019,'1480619',624,,44,5,,,0
2019,'1486350',700,,1505,34,,,0
2019,'1486351',740,,1506,34,,,0
2019,'1486352',820,,1507,34,,,0
2019,'1486353',900,,1508,34,,,0
2019,'1486354',940,,1509,34,,,0
2019,'1486355',1020,,1510,34,,,0
2019,'1486356',1100,,1511,34,,,0
2019,'1486357',1140,,1512,34,,,0
2019,'1486358',1220,,1513,34,,,0
2019,'1486359',1300,,1514,34,,,0
2019,'1486360',1340,,1515,34,,,0
2019,'1486361',1420,,1516,34,,,0
2019,'1486362',1500,,1517,34,,,0
2019,'1486363',1540,,1518,34,,,0
2019,'1486364',1620,,1519,34,,,0
2019,'1486365',1700,,1520,34,,,0
2019,'1486366',1740,,1521,34,,,0
2019,'1486367',802,,1522,12,,,0
2019,'1486368',842,,1523,12,,,0
2019,'1486369',922,,1524,12,,,0
2019,'1486370',1002,,1525,12,,,0
2019,'1486371',1042,,1526,12,,,0
2019,'1486372',1122,,1527,12,,,0
2019,'1486373',1202,,1528,12,,,0
2019,'1486374',1242,,1529,12,,,0
2019,'1486375',1322,,1530,12,,,0
2019,'1486376',1402,,1531,12,,,0
2019,'1486377',1442,,1532,12,,,0
2019,'1486378',1522,,1533,12,,,0
2019,'1486379',1602,,1534,12,,,0
2019,'1486380',1642,,1535,12,,,0
2019,'1486381',1722,,1536,12,,,0
2019,'1486382',1802,,1537,12,,,0
2019,'1486958',1820,,1538,34,,,0
