1019,'1482680',811,,3,20,0,11,0
1019,'1482681',851,,4,20,0,11,0
1019,'1482682',931,,5,20,0,11,0
1019,'1482683',1011,,6,20,0,11,0
1019,'1482684',1051,,7,20,0,11,0
1019,'1482685',1131,,8,20,0,11,0
1019,'1482686',1211,,9,20,0,11,0
1019,'1482687',1251,,10,20,0,11,0
1019,'1482688',1331,,11,20,0,11,0
1019,'1482689',1411,,12,20,0,11,0
1019,'1482690',1451,,13,20,0,11,0
1019,'1482691',1531,,14,20,0,11,0
1019,'1482692',1611,,15,20,0,11,0
1019,'1482693',1651,,16,20,0,11,0
1019,'1482694',1731,,17,20,0,11,0
1019,'1482695',1811,,18,20,0,11,0
1019,'1482696',1851,,19,20,0,11,0
1019,'1482697',1931,,20,20,0,11,0
1019,'1482698',2011,,21,20,0,11,0
1019,'1482699',2051,,22,20,0,11,0
1019,'1482700',2131,,23,20,0,11,0
1019,'1482701',2211,,24,20,0,11,0
1019,'1485865',651,,26,23,0,11,0
1019,'1485866',731,,27,23,0,11,0
1019,'1485867',811,,28,23,0,11,0
1019,'1485868',851,,29,23,0,11,0
1019,'1485869',931,,30,23,0,11,0
1019,'1485870',1011,,31,23,0,11,0
1019,'1485871',1051,,32,23,0,11,0
1019,'1485872',1131,,33,23,0,11,0
1019,'1485873',1211,,34,23,0,11,0
1019,'1485874',1251,,35,23,0,11,0
1019,'1485875',1331,,36,23,0,11,0
1019,'1485876',1411,,37,23,0,11,0
1019,'1485877',1451,,38,23,0,11,0
1019,'1485878',1531,,39,23,0,11,0
1019,'1485879',1611,,40,23,0,11,0
1019,'1485880',1651,,41,23,0,11,0
1019,'1485881',1731,,42,23,0,11,0
1019,'1485882',1811,,43,23,0,11,0
1019,'1485883',810,,869,23,0,11,0
1019,'1485884',850,,870,23,0,11,0
1019,'1485885',930,,871,23,0,11,0
1019,'1485886',1010,,872,23,0,11,0
1019,'1485887',1050,,873,23,0,11,0
1019,'1485888',1130,,874,23,0,11,0
1019,'1485889',1210,,875,23,0,11,0
1019,'1485890',1250,,876,23,0,11,0
1019,'1485891',1330,,877,23,0,11,0
1019,'1485892',1410,,878,23,0,11,0
1019,'1485893',1450,,879,23,0,11,0
1019,'1485894',1530,,880,23,0,11,0
1019,'1485895',1610,,881,23,0,11,0
1019,'1485896',1650,,882,23,0,11,0
1019,'1485897',1730,,883,23,0,11,0
1019,'1485898',1810,,884,23,0,11,0
2019,'1486350',632,,1338,4,,,0
2019,'1486351',712,,1339,4,,,0
2019,'1486352',752,,1340,4,,,0
2019,'1486353',832,,1341,4,,,0
2019,'1486354',912,,1342,4,,,0
2019,'1486355',952,,1343,4,,,0
2019,'1486356',1032,,1344,4,,,0
2019,'1486357',1112,,1345,4,,,0
2019,'1486358',1152,,1346,4,,,0
2019,'1486359',1232,,1347,4,,,0
2019,'1486360',1312,,1348,4,,,0
2019,'1486361',1352,,1349,4,,,0
2019,'1486362',1432,,1350,4,,,0
2019,'1486363',1512,,1351,4,,,0
2019,'1486364',1552,,1352,4,,,0
2019,'1486365',1632,,1353,4,,,0
2019,'1486366',1712,,1354,4,,,0
2019,'1486958',1752,,1371,4,,,0
2019,'1492775',632,,1425,4,,,0
2019,'1492776',712,,1426,4,,,0
2019,'1492777',752,,1427,4,,,0
2019,'1492778',832,,1428,4,,,0
2019,'1492779',912,,1429,4,,,0
2019,'1492780',952,,1430,4,,,0
2019,'1492781',1032,,1431,4,,,0
2019,'1492782',1112,,1432,4,,,0
2019,'1492783',1152,,1433,4,,,0
2019,'1492784',1232,,1434,4,,,0
2019,'1492785',1312,,1435,4,,,0
2019,'1492786',1352,,1436,4,,,0
2019,'1492787',1432,,1437,4,,,0
2019,'1492788',1512,,1438,4,,,0
2019,'1492789',1552,,1439,4,,,0
2019,'1492790',1632,,1440,4,,,0
2019,'1492791',1712,,1441,4,,,0
2019,'1492792',1752,,1442,4,,,0
2019,'1495973',812,,1443,21,,,0
2019,'1495974',852,,1444,21,,,0
2019,'1495975',932,,1445,21,,,0
2019,'1495976',1012,,1446,21,,,0
2019,'1495977',1052,,1447,21,,,0
2019,'1495978',1132,,1448,21,,,0
2019,'1495979',1212,,1449,21,,,0
2019,'1495980',1252,,1450,21,,,0
2019,'1495981',1332,,1451,21,,,0
2019,'1495982',1412,,1452,21,,,0
2019,'1495983',1452,,1453,21,,,0
2019,'1495984',1532,,1454,21,,,0
2019,'1495985',1612,,1455,21,,,0
2019,'1495986',1652,,1456,21,,,0
2019,'1495987',1732,,1457,21,,,0
2019,'1495988',1812,,1458,21,,,0
