93019,'1492796',714,,703,5,0,5,0
93019,'1492797',814,,704,5,0,5,0
93019,'1492798',914,,705,5,0,5,0
93019,'1492799',1014,,706,5,0,5,0
93019,'1492800',1114,,707,5,0,5,0
93019,'1492801',1214,,708,5,0,5,0
93019,'1492802',1314,,709,5,0,5,0
93019,'1492803',1414,,710,5,0,5,0
93019,'1492804',1514,,711,5,0,5,0
93019,'1492805',1614,,712,5,0,5,0
93019,'1492806',1714,,713,5,0,5,0
903019,'1494865',714,,763,5,0,5,0
903019,'1494866',814,,764,5,0,5,0
903019,'1494867',914,,765,5,0,5,0
903019,'1494868',1014,,766,5,0,5,0
903019,'1494869',1114,,767,5,0,5,0
903019,'1494870',1214,,768,5,0,5,0
903019,'1494871',1314,,769,5,0,5,0
903019,'1494872',1414,,770,5,0,5,0
903019,'1494873',1514,,771,5,0,5,0
903019,'1494874',1614,,772,5,0,5,0
903019,'1494875',1714,,773,5,0,5,0
