15019,'1492887',1913,,1660,47,,,0
15019,'1492888',2013,,1661,47,,,0
15019,'1492889',2113,,1662,47,,,0
15019,'1492890',2213,,1663,47,,,0
15019,'1495961',713,,1664,47,,,0
15019,'1495962',813,,1665,47,,,0
15019,'1495963',913,,1666,47,,,0
15019,'1495964',1013,,1667,47,,,0
15019,'1495965',1113,,1668,47,,,0
15019,'1495966',1213,,1669,47,,,0
15019,'1495967',1313,,1670,47,,,0
15019,'1495968',1413,,1671,47,,,0
15019,'1495969',1513,,1672,47,,,0
15019,'1495970',1613,,1673,47,,,0
15019,'1495971',1713,,1674,47,,,0
15019,'1495972',1813,,1675,47,,,0
15019,'1497631',713,,1676,47,,,0
15019,'1497632',813,,1677,47,,,0
15019,'1497633',913,,1678,47,,,0
15019,'1497634',1013,,1679,47,,,0
15019,'1497635',1113,,1680,47,,,0
15019,'1497636',1213,,1681,47,,,0
15019,'1497637',1313,,1682,47,,,0
15019,'1497638',1413,,1683,47,,,0
15019,'1497639',1513,,1684,47,,,0
15019,'1497640',1613,,1685,47,,,0
15019,'1497641',1713,,1686,47,,,0
15019,'1497642',1813,,1687,47,,,0
15019,'1497643',1913,,1688,47,,,0
15019,'1497644',2013,,1689,47,,,0
15019,'1497645',2113,,1690,47,,,0
15019,'1497646',2213,,1691,47,,,0
15019,'1497647',913,,1692,47,,,0
15019,'1497648',1013,,1693,47,,,0
15019,'1497649',1113,,1694,47,,,0
15019,'1497650',1213,,1695,47,,,0
15019,'1497651',1313,,1696,47,,,0
15019,'1497652',1413,,1697,47,,,0
15019,'1497653',1513,,1698,47,,,0
15019,'1497654',1613,,1699,47,,,0
15019,'1497655',1713,,1700,47,,,0
15019,'1497656',1813,,1701,47,,,0
15019,'1497657',1913,,1702,47,,,0
15019,'1497658',2013,,1703,47,,,0
15019,'1497659',2113,,1704,47,,,0
15019,'1497660',2213,,1705,47,,,0
