15019,'1492887',1855,,1660,31,,,0
15019,'1492888',1955,,1661,31,,,0
15019,'1492889',2055,,1662,31,,,0
15019,'1492890',2155,,1663,31,,,0
15019,'1495961',655,,1664,31,,,0
15019,'1495962',755,,1665,31,,,0
15019,'1495963',855,,1666,31,,,0
15019,'1495964',955,,1667,31,,,0
15019,'1495965',1055,,1668,31,,,0
15019,'1495966',1155,,1669,31,,,0
15019,'1495967',1255,,1670,31,,,0
15019,'1495968',1355,,1671,31,,,0
15019,'1495969',1455,,1672,31,,,0
15019,'1495970',1555,,1673,31,,,0
15019,'1495971',1655,,1674,31,,,0
15019,'1495972',1755,,1675,31,,,0
15019,'1497631',655,,1676,31,,,0
15019,'1497632',755,,1677,31,,,0
15019,'1497633',855,,1678,31,,,0
15019,'1497634',955,,1679,31,,,0
15019,'1497635',1055,,1680,31,,,0
15019,'1497636',1155,,1681,31,,,0
15019,'1497637',1255,,1682,31,,,0
15019,'1497638',1355,,1683,31,,,0
15019,'1497639',1455,,1684,31,,,0
15019,'1497640',1555,,1685,31,,,0
15019,'1497641',1655,,1686,31,,,0
15019,'1497642',1755,,1687,31,,,0
15019,'1497643',1855,,1688,31,,,0
15019,'1497644',1955,,1689,31,,,0
15019,'1497645',2055,,1690,31,,,0
15019,'1497646',2155,,1691,31,,,0
15019,'1497647',855,,1692,31,,,0
15019,'1497648',955,,1693,31,,,0
15019,'1497649',1055,,1694,31,,,0
15019,'1497650',1155,,1695,31,,,0
15019,'1497651',1255,,1696,31,,,0
15019,'1497652',1355,,1697,31,,,0
15019,'1497653',1455,,1698,31,,,0
15019,'1497654',1555,,1699,31,,,0
15019,'1497655',1655,,1700,31,,,0
15019,'1497656',1755,,1701,31,,,0
15019,'1497657',1855,,1702,31,,,0
15019,'1497658',1955,,1703,31,,,0
15019,'1497659',2055,,1704,31,,,0
15019,'1497660',2155,,1705,31,,,0
