16019,'1497350',752,,1563,11,0,9 10,0
16019,'1497351',852,,1564,11,0,9 10,0
16019,'1497352',952,,1565,11,0,9 10,0
16019,'1497353',1052,,1566,11,0,9 10,0
16019,'1497354',1152,,1567,11,0,9 10,0
16019,'1497355',1252,,1568,11,0,9 10,0
16019,'1497356',1352,,1569,11,0,9 10,0
16019,'1497357',1452,,1570,11,0,9 10,0
16019,'1497358',1552,,1571,11,0,9 10,0
16019,'1497359',1652,,1572,11,0,9 10,0
16019,'1497360',1752,,1573,11,0,9 10,0
16019,'1497361',852,,1574,11,0,9 10,0
16019,'1497362',952,,1575,11,0,9 10,0
16019,'1497363',1052,,1576,11,0,9 10,0
16019,'1497364',1152,,1577,11,0,9 10,0
16019,'1497365',1252,,1578,11,0,9 10,0
16019,'1497366',1352,,1579,11,0,9 10,0
16019,'1497367',1452,,1580,11,0,9 10,0
16019,'1497368',1552,,1581,11,0,9 10,0
16019,'1497369',1652,,1582,11,0,9 10,0
16019,'1497370',1752,,1583,11,0,9 10,0
