14019,'1489925',640,,209,14,,,0,63,,209,30,,,0
14019,'1489926',720,,210,14,,,0,23,,210,30,,,0
14019,'1489927',800,,211,14,,,0,23,,211,30,,,0
14019,'1489928',840,,212,14,,,0,63,,212,30,,,0
14019,'1489929',920,,213,14,,,0,23,,213,30,,,0
14019,'1489930',1000,,214,14,,,0,23,,214,30,,,0
14019,'1489931',1040,,215,14,,,0,63,,215,30,,,0
14019,'1489932',1120,,216,14,,,0,23,,216,30,,,0
14019,'1489933',1200,,217,14,,,0,23,,217,30,,,0
14019,'1489934',1240,,218,14,,,0,63,,218,30,,,0
14019,'1489935',1320,,219,14,,,0,23,,219,30,,,0
14019,'1489936',1400,,220,14,,,0,23,,220,30,,,0
14019,'1489937',1440,,221,14,,,0,63,,221,30,,,0
14019,'1489938',1520,,222,14,,,0,23,,222,30,,,0
14019,'1489939',1600,,223,14,,,0,23,,223,30,,,0
14019,'1489940',1640,,224,14,,,0,63,,224,30,,,0
14019,'1489941',1720,,225,14,,,0,23,,225,30,,,0
14019,'1489942',1800,,226,14,,,0,23,,226,30,,,0
14019,'1489943',1840,,227,14,,,0,63,,227,30,,,0
14019,'1489944',1920,,228,14,,,0,23,,228,30,,,0
14019,'1489945',2000,,229,14,,,0,23,,229,30,,,0
14019,'1489946',2040,,230,14,,,0,63,,230,30,,,0
14019,'1489947',2120,,231,14,,,0,23,,231,30,,,0
14019,'1489948',2200,,232,14,,,0,23,,232,30,,,0
14019,'1492813',640,,577,14,,,0,63,,577,31,,,0
14019,'1492814',720,,578,14,,,0,23,,578,31,,,0
14019,'1492815',800,,579,14,,,0,23,,579,31,,,0
14019,'1492816',840,,580,14,,,0,63,,580,31,,,0
14019,'1492817',920,,581,14,,,0,23,,581,31,,,0
14019,'1492818',1000,,582,14,,,0,23,,582,31,,,0
14019,'1492819',1040,,583,14,,,0,63,,583,31,,,0
14019,'1492820',1120,,584,14,,,0,23,,584,31,,,0
14019,'1492821',1200,,585,14,,,0,23,,585,31,,,0
14019,'1492822',1240,,586,14,,,0,63,,586,31,,,0
14019,'1492823',1320,,587,14,,,0,23,,587,31,,,0
14019,'1492824',1400,,588,14,,,0,23,,588,31,,,0
14019,'1492825',1440,,589,14,,,0,63,,589,31,,,0
14019,'1492826',1520,,590,14,,,0,23,,590,31,,,0
14019,'1492827',1600,,591,14,,,0,23,,591,31,,,0
14019,'1492828',1640,,592,14,,,0,63,,592,31,,,0
14019,'1492829',1720,,593,14,,,0,23,,593,31,,,0
14019,'1492830',1800,,594,14,,,0,23,,594,31,,,0
14019,'1492831',1840,,595,14,,,0,63,,595,31,,,0
14019,'1492832',1920,,596,14,,,0,23,,596,31,,,0
14019,'1492833',2000,,597,14,,,0,23,,597,31,,,0
14019,'1492834',2040,,598,14,,,0,63,,598,31,,,0
14019,'1492835',2120,,599,14,,,0,23,,599,31,,,0
14019,'1492836',2200,,600,14,,,0,23,,600,31,,,0
14019,'1492837',800,,601,14,,,0,23,,601,31,,,0
14019,'1492838',840,,602,14,,,0,63,,602,31,,,0
14019,'1492839',920,,603,14,,,0,23,,603,31,,,0
14019,'1492840',1000,,604,14,,,0,23,,604,31,,,0
14019,'1492841',1040,,605,14,,,0,63,,605,31,,,0
14019,'1492842',1120,,606,14,,,0,23,,606,31,,,0
14019,'1492843',1200,,607,14,,,0,23,,607,31,,,0
14019,'1492844',1240,,608,14,,,0,63,,608,31,,,0
14019,'1492845',1320,,609,14,,,0,23,,609,31,,,0
14019,'1492846',1400,,610,14,,,0,23,,610,31,,,0
14019,'1492847',1440,,611,14,,,0,63,,611,31,,,0
14019,'1492848',1520,,612,14,,,0,23,,612,31,,,0
14019,'1492849',1600,,613,14,,,0,23,,613,31,,,0
14019,'1492850',1640,,614,14,,,0,63,,614,31,,,0
14019,'1492851',1720,,615,14,,,0,23,,615,31,,,0
14019,'1492852',1800,,616,14,,,0,23,,616,31,,,0
14019,'1492853',1840,,617,14,,,0,63,,617,31,,,0
14019,'1492854',1920,,618,14,,,0,23,,618,31,,,0
14019,'1492855',2000,,619,14,,,0,23,,619,31,,,0
14019,'1492856',2040,,620,14,,,0,63,,620,31,,,0
14019,'1492857',2120,,621,14,,,0,23,,621,31,,,0
14019,'1492858',2200,,622,14,,,0,23,,622,31,,,0
