93019,'1497427',716,,1706,8,0,5,0
93019,'1497428',816,,1707,8,0,5,0
93019,'1497429',916,,1708,8,0,5,0
93019,'1497430',1016,,1709,8,0,5,0
93019,'1497431',1116,,1710,8,0,5,0
93019,'1497432',1216,,1711,8,0,5,0
93019,'1497433',1316,,1712,8,0,5,0
93019,'1497434',1416,,1713,8,0,5,0
93019,'1497435',1516,,1714,8,0,5,0
93019,'1497436',1616,,1715,8,0,5,0
93019,'1497437',1716,,1716,8,0,5,0
901019,'1490032',756,,1584,8,,,0
901019,'1490033',916,,1585,8,,,0
901019,'1490034',1036,,1586,8,,,0
901019,'1490035',1156,,1587,8,,,0
901019,'1490036',1316,,1588,8,,,0
901019,'1490037',1436,,1589,8,,,0
901019,'1490038',1556,,1590,8,,,0
901019,'1490039',1716,,1591,8,,,0
901019,'1490040',1836,,1592,8,,,0
901019,'1490041',1956,,1593,8,,,0
901019,'1490042',2116,,1594,8,,,0
901019,'1497372',636,,1595,8,,,0
901019,'1497373',736,,1596,8,,,0
901019,'1497374',836,,1597,8,,,0
901019,'1497375',936,,1598,8,,,0
901019,'1497376',1036,,1599,8,,,0
901019,'1497377',1136,,1600,8,,,0
901019,'1497378',1236,,1601,8,,,0
901019,'1497379',1336,,1602,8,,,0
901019,'1497380',1436,,1603,8,,,0
901019,'1497381',1536,,1604,8,,,0
901019,'1497382',1636,,1605,8,,,0
901019,'1497383',1736,,1606,8,,,0
901019,'1497384',1836,,1607,8,,,0
901019,'1497385',1956,,1608,8,,,0
901019,'1497386',2116,,1609,8,,,0
902019,'1490054',1916,,1610,34,,,0
902019,'1490055',2036,,1611,34,,,0
902019,'1490056',2156,,1612,34,,,0
902019,'1490057',836,,1613,34,,,0
902019,'1490058',956,,1614,34,,,0
902019,'1490059',1116,,1615,34,,,0
902019,'1490060',1236,,1616,34,,,0
902019,'1490061',1356,,1617,34,,,0
902019,'1490062',1516,,1618,34,,,0
902019,'1490063',1636,,1619,34,,,0
902019,'1490064',1756,,1620,34,,,0
902019,'1490065',1916,,1621,34,,,0
902019,'1490066',2036,,1622,34,,,0
902019,'1490067',2156,,1623,34,,,0
902019,'1490068',1756,,1624,8,,,0
902019,'1497387',656,,1625,8,,,0
902019,'1497388',756,,1626,8,,,0
902019,'1497389',856,,1627,8,,,0
902019,'1497390',956,,1628,8,,,0
902019,'1497391',1056,,1629,8,,,0
902019,'1497392',1156,,1630,8,,,0
902019,'1497393',1256,,1631,8,,,0
902019,'1497394',1356,,1632,8,,,0
902019,'1497395',1456,,1633,8,,,0
902019,'1497396',1556,,1634,8,,,0
902019,'1497397',1656,,1635,8,,,0
