2019,'1492775',633,,1425,6,,,0
2019,'1492776',713,,1426,6,,,0
2019,'1492777',753,,1427,6,,,0
2019,'1492778',833,,1428,6,,,0
2019,'1492779',913,,1429,6,,,0
2019,'1492780',953,,1430,6,,,0
2019,'1492781',1033,,1431,6,,,0
2019,'1492782',1113,,1432,6,,,0
2019,'1492783',1153,,1433,6,,,0
2019,'1492784',1233,,1434,6,,,0
2019,'1492785',1313,,1435,6,,,0
2019,'1492786',1353,,1436,6,,,0
2019,'1492787',1433,,1437,6,,,0
2019,'1492788',1513,,1438,6,,,0
2019,'1492789',1553,,1439,6,,,0
2019,'1492790',1633,,1440,6,,,0
2019,'1492791',1713,,1441,6,,,0
2019,'1492792',1753,,1442,6,,,0
2019,'1495973',813,,1443,23,,,0
2019,'1495974',853,,1444,23,,,0
2019,'1495975',933,,1445,23,,,0
2019,'1495976',1013,,1446,23,,,0
2019,'1495977',1053,,1447,23,,,0
2019,'1495978',1133,,1448,23,,,0
2019,'1495979',1213,,1449,23,,,0
2019,'1495980',1253,,1450,23,,,0
2019,'1495981',1333,,1451,23,,,0
2019,'1495982',1413,,1452,23,,,0
2019,'1495983',1453,,1453,23,,,0
2019,'1495984',1533,,1454,23,,,0
2019,'1495985',1613,,1455,23,,,0
2019,'1495986',1653,,1456,23,,,0
2019,'1495987',1733,,1457,23,,,0
2019,'1495988',1813,,1458,23,,,0
