15019,'1492887',1858,,1660,33,,,0
15019,'1492888',1958,,1661,33,,,0
15019,'1492889',2058,,1662,33,,,0
15019,'1492890',2158,,1663,33,,,0
15019,'1495961',658,,1664,33,,,0
15019,'1495962',758,,1665,33,,,0
15019,'1495963',858,,1666,33,,,0
15019,'1495964',958,,1667,33,,,0
15019,'1495965',1058,,1668,33,,,0
15019,'1495966',1158,,1669,33,,,0
15019,'1495967',1258,,1670,33,,,0
15019,'1495968',1358,,1671,33,,,0
15019,'1495969',1458,,1672,33,,,0
15019,'1495970',1558,,1673,33,,,0
15019,'1495971',1658,,1674,33,,,0
15019,'1495972',1758,,1675,33,,,0
15019,'1497631',658,,1676,33,,,0
15019,'1497632',758,,1677,33,,,0
15019,'1497633',858,,1678,33,,,0
15019,'1497634',958,,1679,33,,,0
15019,'1497635',1058,,1680,33,,,0
15019,'1497636',1158,,1681,33,,,0
15019,'1497637',1258,,1682,33,,,0
15019,'1497638',1358,,1683,33,,,0
15019,'1497639',1458,,1684,33,,,0
15019,'1497640',1558,,1685,33,,,0
15019,'1497641',1658,,1686,33,,,0
15019,'1497642',1758,,1687,33,,,0
15019,'1497643',1858,,1688,33,,,0
15019,'1497644',1958,,1689,33,,,0
15019,'1497645',2058,,1690,33,,,0
15019,'1497646',2158,,1691,33,,,0
15019,'1497647',858,,1692,33,,,0
15019,'1497648',958,,1693,33,,,0
15019,'1497649',1058,,1694,33,,,0
15019,'1497650',1158,,1695,33,,,0
15019,'1497651',1258,,1696,33,,,0
15019,'1497652',1358,,1697,33,,,0
15019,'1497653',1458,,1698,33,,,0
15019,'1497654',1558,,1699,33,,,0
15019,'1497655',1658,,1700,33,,,0
15019,'1497656',1758,,1701,33,,,0
15019,'1497657',1858,,1702,33,,,0
15019,'1497658',1958,,1703,33,,,0
15019,'1497659',2058,,1704,33,,,0
15019,'1497660',2158,,1705,33,,,0
