20019,'1492422',655,,1249,22,,,0
20019,'1492423',735,,1250,22,,,0
20019,'1492424',815,,1251,22,,,0
20019,'1492425',855,,1252,22,,,0
20019,'1492426',935,,1253,22,,,0
20019,'1492427',1015,,1254,22,,,0
20019,'1492428',1055,,1255,22,,,0
20019,'1492429',1135,,1256,22,,,0
20019,'1492430',1215,,1257,22,,,0
20019,'1492431',1255,,1258,22,,,0
20019,'1492432',1335,,1259,22,,,0
20019,'1492433',1415,,1260,22,,,0
20019,'1492434',1455,,1261,22,,,0
20019,'1492435',1535,,1262,22,,,0
20019,'1492436',1615,,1263,22,,,0
20019,'1492437',1655,,1264,22,,,0
20019,'1492438',1735,,1265,22,,,0
20019,'1492439',1815,,1266,22,,,0
20019,'1496039',1855,,1283,22,,,0
20019,'1496040',1935,,1284,22,,,0
20019,'1496041',2015,,1285,22,,,0
20019,'1496042',2055,,1286,22,,,0
20019,'1496043',2135,,1287,22,,,0
20019,'1496044',2215,,1288,22,,,0
20019,'1497182',655,,1459,22,,,0
20019,'1497183',735,,1460,22,,,0
20019,'1497184',815,,1461,22,,,0
20019,'1497185',855,,1462,22,,,0
20019,'1497186',935,,1463,22,,,0
20019,'1497187',1015,,1464,22,,,0
20019,'1497188',1055,,1465,22,,,0
20019,'1497189',1135,,1466,22,,,0
20019,'1497190',1215,,1467,22,,,0
20019,'1497191',1255,,1468,22,,,0
20019,'1497192',1335,,1469,22,,,0
20019,'1497193',1415,,1470,22,,,0
20019,'1497194',1455,,1471,22,,,0
20019,'1497195',1535,,1472,22,,,0
20019,'1497196',1615,,1473,22,,,0
20019,'1497197',1655,,1474,22,,,0
20019,'1497198',1735,,1475,22,,,0
20019,'1497199',1815,,1476,22,,,0
20019,'1497200',1855,,1477,22,,,0
20019,'1497201',1935,,1478,22,,,0
20019,'1497202',2015,,1479,22,,,0
20019,'1497203',2055,,1480,22,,,0
20019,'1497204',2135,,1481,22,,,0
20019,'1497205',2215,,1482,22,,,0
20019,'1497206',815,,1483,22,,,0
20019,'1497207',855,,1484,22,,,0
20019,'1497208',935,,1485,22,,,0
20019,'1497209',1015,,1486,22,,,0
20019,'1497210',1055,,1487,22,,,0
20019,'1497211',1135,,1488,22,,,0
20019,'1497212',1215,,1489,22,,,0
20019,'1497213',1255,,1490,22,,,0
20019,'1497214',1335,,1491,22,,,0
20019,'1497215',1415,,1492,22,,,0
20019,'1497216',1455,,1493,22,,,0
20019,'1497217',1535,,1494,22,,,0
20019,'1497218',1615,,1495,22,,,0
20019,'1497219',1655,,1496,22,,,0
20019,'1497220',1735,,1497,22,,,0
20019,'1497221',1815,,1498,22,,,0
20019,'1497222',1855,,1499,22,,,0
20019,'1497223',1935,,1500,22,,,0
20019,'1497224',2015,,1501,22,,,0
20019,'1497225',2055,,1502,22,,,0
20019,'1497226',2135,,1503,22,,,0
20019,'1497227',2215,,1504,22,,,0
