20019,'1487191',638,,1001,11,,,0
20019,'1487192',718,,1002,11,,,0
20019,'1487193',758,,1003,11,,,0
20019,'1487194',838,,1004,11,,,0
20019,'1487195',918,,1005,11,,,0
20019,'1487196',958,,1006,11,,,0
20019,'1487197',1038,,1007,11,,,0
20019,'1487198',1118,,1008,11,,,0
20019,'1487199',1158,,1009,11,,,0
20019,'1487200',1238,,1010,11,,,0
20019,'1487201',1318,,1011,11,,,0
20019,'1487202',1358,,1012,11,,,0
20019,'1487203',1438,,1013,11,,,0
20019,'1487204',1518,,1014,11,,,0
20019,'1487205',1558,,1015,11,,,0
20019,'1487206',1638,,1016,11,,,0
20019,'1487207',1718,,1017,11,,,0
20019,'1487208',1758,,1018,11,,,0
20019,'1487209',1838,,1019,11,,,0
20019,'1487210',1918,,1020,11,,,0
20019,'1487211',1958,,1021,11,,,0
20019,'1487212',2038,,1022,11,,,0
20019,'1487213',2118,,1023,11,,,0
20019,'1487214',2158,,1024,11,,,0
20019,'1487215',758,,1025,11,,,0
20019,'1487216',838,,1026,11,,,0
20019,'1487217',918,,1027,11,,,0
20019,'1487218',958,,1028,11,,,0
20019,'1487219',1038,,1029,11,,,0
20019,'1487220',1118,,1030,11,,,0
20019,'1487221',1158,,1031,11,,,0
20019,'1487222',1238,,1032,11,,,0
20019,'1487223',1318,,1033,11,,,0
20019,'1487224',1358,,1034,11,,,0
20019,'1487225',1438,,1035,11,,,0
20019,'1487226',1518,,1036,11,,,0
20019,'1487227',1558,,1037,11,,,0
20019,'1487228',1638,,1038,11,,,0
20019,'1487229',1718,,1039,11,,,0
20019,'1487230',1758,,1040,11,,,0
20019,'1487231',1838,,1041,11,,,0
20019,'1487232',1918,,1042,11,,,0
20019,'1487233',1958,,1043,11,,,0
20019,'1487234',2038,,1044,11,,,0
20019,'1487235',2118,,1045,11,,,0
20019,'1487236',2158,,1046,11,,,0
30000019,'1486494',955,,528,21,,,0
30000019,'1486495',1055,,529,21,,,0
30000019,'1486496',1155,,530,21,,,0
30000019,'1486497',1255,,531,21,,,0
30000019,'1486498',1355,,532,21,,,0
30000019,'1486499',1455,,533,21,,,0
30000019,'1486500',1555,,534,21,,,0
30000019,'1486501',1655,,535,21,,,0
