12019,'1488124',723,,1637,16,0,12 13,0
12019,'1488125',823,,1638,16,0,12 13,0
12019,'1488126',923,,1639,16,0,12 13,0
12019,'1488127',1023,,1640,16,0,12 13,0
12019,'1488128',1123,,1641,16,0,12 13,0
12019,'1488129',1223,,1642,16,0,12 13,0
12019,'1488130',1323,,1643,16,0,12 13,0
12019,'1488131',1423,,1644,16,0,12 13,0
12019,'1488132',1523,,1645,16,0,12 13,0
12019,'1488133',1623,,1646,16,0,12 13,0
12019,'1488134',1723,,1647,16,0,12 13,0
12019,'1488135',1823,,1648,16,0,12 13,0
12019,'1488136',823,,1649,16,0,12 13,0
12019,'1488137',923,,1650,16,0,12 13,0
12019,'1488138',1023,,1651,16,0,12 13,0
12019,'1488139',1123,,1652,16,0,12 13,0
12019,'1488140',1223,,1653,16,0,12 13,0
12019,'1488141',1323,,1654,16,0,12 13,0
12019,'1488142',1423,,1655,16,0,12 13,0
12019,'1488143',1523,,1656,16,0,12 13,0
12019,'1488144',1623,,1657,16,0,12 13,0
12019,'1488145',1723,,1658,16,0,12 13,0
12019,'1488146',1823,,1659,16,0,12 13,0
