15019,'1492887',1847,,1660,21,,,0
15019,'1492888',1947,,1661,21,,,0
15019,'1492889',2047,,1662,21,,,0
15019,'1492890',2147,,1663,21,,,0
15019,'1495961',647,,1664,21,,,0
15019,'1495962',747,,1665,21,,,0
15019,'1495963',847,,1666,21,,,0
15019,'1495964',947,,1667,21,,,0
15019,'1495965',1047,,1668,21,,,0
15019,'1495966',1147,,1669,21,,,0
15019,'1495967',1247,,1670,21,,,0
15019,'1495968',1347,,1671,21,,,0
15019,'1495969',1447,,1672,21,,,0
15019,'1495970',1547,,1673,21,,,0
15019,'1495971',1647,,1674,21,,,0
15019,'1495972',1747,,1675,21,,,0
15019,'1497631',647,,1676,21,,,0
15019,'1497632',747,,1677,21,,,0
15019,'1497633',847,,1678,21,,,0
15019,'1497634',947,,1679,21,,,0
15019,'1497635',1047,,1680,21,,,0
15019,'1497636',1147,,1681,21,,,0
15019,'1497637',1247,,1682,21,,,0
15019,'1497638',1347,,1683,21,,,0
15019,'1497639',1447,,1684,21,,,0
15019,'1497640',1547,,1685,21,,,0
15019,'1497641',1647,,1686,21,,,0
15019,'1497642',1747,,1687,21,,,0
15019,'1497643',1847,,1688,21,,,0
15019,'1497644',1947,,1689,21,,,0
15019,'1497645',2047,,1690,21,,,0
15019,'1497646',2147,,1691,21,,,0
15019,'1497647',847,,1692,21,,,0
15019,'1497648',947,,1693,21,,,0
15019,'1497649',1047,,1694,21,,,0
15019,'1497650',1147,,1695,21,,,0
15019,'1497651',1247,,1696,21,,,0
15019,'1497652',1347,,1697,21,,,0
15019,'1497653',1447,,1698,21,,,0
15019,'1497654',1547,,1699,21,,,0
15019,'1497655',1647,,1700,21,,,0
15019,'1497656',1747,,1701,21,,,0
15019,'1497657',1847,,1702,21,,,0
15019,'1497658',1947,,1703,21,,,0
15019,'1497659',2047,,1704,21,,,0
15019,'1497660',2147,,1705,21,,,0
