6809,'1480935',845,,1066,4,,,0
6809,'1480939',1545,,1067,4,,,0
93019,'1496012',745,,1295,32,0,14 15,0
93019,'1496013',845,,1296,32,0,14 15,0
93019,'1496014',945,,1297,32,0,14 15,0
93019,'1496015',1045,,1298,32,0,14 15,0
93019,'1496016',1145,,1299,32,0,14 15,0
93019,'1496017',1245,,1300,32,0,14 15,0
93019,'1496018',1345,,1301,32,0,14 15,0
93019,'1496019',1445,,1302,32,0,14 15,0
93019,'1496020',1545,,1303,32,0,14 15,0
93019,'1496021',1645,,1304,32,0,14 15,0
93019,'1496022',1745,,1305,32,0,14 15,0
901019,'1490032',825,,1584,32,0,16 17,0
901019,'1490033',945,,1585,32,0,16 17,0
901019,'1490034',1105,,1586,32,0,16 17,0
901019,'1490035',1225,,1587,32,0,16 17,0
901019,'1490036',1345,,1588,32,0,16 17,0
901019,'1490037',1505,,1589,32,0,16 17,0
901019,'1490038',1625,,1590,32,0,16 17,0
901019,'1490039',1745,,1591,32,0,16 17,0
901019,'1490040',1905,,1592,32,0,16 17,0
901019,'1490041',2025,,1593,32,0,16 17,0
901019,'1490042',2145,,1594,32,0,16 17,0
901019,'1497372',705,,1595,32,0,14 15,0
901019,'1497373',805,,1596,32,0,14 15,0
901019,'1497374',905,,1597,32,0,14 15,0
901019,'1497375',1005,,1598,32,0,14 15,0
901019,'1497376',1105,,1599,32,0,14 15,0
901019,'1497377',1205,,1600,32,0,14 15,0
901019,'1497378',1305,,1601,32,0,14 15,0
901019,'1497379',1405,,1602,32,0,14 15,0
901019,'1497380',1505,,1603,32,0,14 15,0
901019,'1497381',1605,,1604,32,0,14 15,0
901019,'1497382',1705,,1605,32,0,14 15,0
901019,'1497383',1805,,1606,32,0,14 15,0
901019,'1497384',1905,,1607,32,0,16 17,0
901019,'1497385',2025,,1608,32,0,16 17,0
901019,'1497386',2145,,1609,32,0,16 17,0
902019,'1490054',1945,,1610,58,0,16 17,0
902019,'1490055',2105,,1611,58,0,16 17,0
902019,'1490056',2225,,1612,58,0,16 17,0
902019,'1490057',905,,1613,58,0,16 17,0
902019,'1490058',1025,,1614,58,0,16 17,0
902019,'1490059',1145,,1615,58,0,16 17,0
902019,'1490060',1305,,1616,58,0,16 17,0
902019,'1490061',1425,,1617,58,0,16 17,0
902019,'1490062',1545,,1618,58,0,16 17,0
902019,'1490063',1705,,1619,58,0,16 17,0
902019,'1490064',1825,,1620,58,0,16 17,0
902019,'1490065',1945,,1621,58,0,16 17,0
902019,'1490066',2105,,1622,58,0,16 17,0
902019,'1490067',2225,,1623,58,0,16 17,0
902019,'1490068',1825,,1624,32,0,6,0
902019,'1497387',725,,1625,32,0,14 15,0
902019,'1497388',825,,1626,32,0,14 15,0
902019,'1497389',925,,1627,32,0,14 15,0
902019,'1497390',1025,,1628,32,0,14 15,0
902019,'1497391',1125,,1629,32,0,14 15,0
902019,'1497392',1225,,1630,32,0,14 15,0
902019,'1497393',1325,,1631,32,0,14 15,0
902019,'1497394',1425,,1632,32,0,14 15,0
902019,'1497395',1525,,1633,32,0,14 15,0
902019,'1497396',1625,,1634,32,0,14 15,0
902019,'1497397',1725,,1635,32,0,14 15,0
