20019,'1492422',658,,1249,25,,,0
20019,'1492423',738,,1250,25,,,0
20019,'1492424',818,,1251,25,,,0
20019,'1492425',858,,1252,25,,,0
20019,'1492426',938,,1253,25,,,0
20019,'1492427',1018,,1254,25,,,0
20019,'1492428',1058,,1255,25,,,0
20019,'1492429',1138,,1256,25,,,0
20019,'1492430',1218,,1257,25,,,0
20019,'1492431',1258,,1258,25,,,0
20019,'1492432',1338,,1259,25,,,0
20019,'1492433',1418,,1260,25,,,0
20019,'1492434',1458,,1261,25,,,0
20019,'1492435',1538,,1262,25,,,0
20019,'1492436',1618,,1263,25,,,0
20019,'1492437',1658,,1264,25,,,0
20019,'1492438',1738,,1265,25,,,0
20019,'1492439',1818,,1266,25,,,0
20019,'1496039',1858,,1283,25,,,0
20019,'1496040',1938,,1284,25,,,0
20019,'1496041',2018,,1285,25,,,0
20019,'1496042',2058,,1286,25,,,0
20019,'1496043',2138,,1287,25,,,0
20019,'1496044',2218,,1288,25,,,0
20019,'1497182',658,,1459,25,,,0
20019,'1497183',738,,1460,25,,,0
20019,'1497184',818,,1461,25,,,0
20019,'1497185',858,,1462,25,,,0
20019,'1497186',938,,1463,25,,,0
20019,'1497187',1018,,1464,25,,,0
20019,'1497188',1058,,1465,25,,,0
20019,'1497189',1138,,1466,25,,,0
20019,'1497190',1218,,1467,25,,,0
20019,'1497191',1258,,1468,25,,,0
20019,'1497192',1338,,1469,25,,,0
20019,'1497193',1418,,1470,25,,,0
20019,'1497194',1458,,1471,25,,,0
20019,'1497195',1538,,1472,25,,,0
20019,'1497196',1618,,1473,25,,,0
20019,'1497197',1658,,1474,25,,,0
20019,'1497198',1738,,1475,25,,,0
20019,'1497199',1818,,1476,25,,,0
20019,'1497200',1858,,1477,25,,,0
20019,'1497201',1938,,1478,25,,,0
20019,'1497202',2018,,1479,25,,,0
20019,'1497203',2058,,1480,25,,,0
20019,'1497204',2138,,1481,25,,,0
20019,'1497205',2218,,1482,25,,,0
20019,'1497206',818,,1483,25,,,0
20019,'1497207',858,,1484,25,,,0
20019,'1497208',938,,1485,25,,,0
20019,'1497209',1018,,1486,25,,,0
20019,'1497210',1058,,1487,25,,,0
20019,'1497211',1138,,1488,25,,,0
20019,'1497212',1218,,1489,25,,,0
20019,'1497213',1258,,1490,25,,,0
20019,'1497214',1338,,1491,25,,,0
20019,'1497215',1418,,1492,25,,,0
20019,'1497216',1458,,1493,25,,,0
20019,'1497217',1538,,1494,25,,,0
20019,'1497218',1618,,1495,25,,,0
20019,'1497219',1658,,1496,25,,,0
20019,'1497220',1738,,1497,25,,,0
20019,'1497221',1818,,1498,25,,,0
20019,'1497222',1858,,1499,25,,,0
20019,'1497223',1938,,1500,25,,,0
20019,'1497224',2018,,1501,25,,,0
20019,'1497225',2058,,1502,25,,,0
20019,'1497226',2138,,1503,25,,,0
20019,'1497227',2218,,1504,25,,,0
