7019,'1489971',657,,113,22,0,7,0
7019,'1489972',737,,114,22,0,7,0
7019,'1489973',817,,115,22,0,7,0
7019,'1489974',857,,116,22,0,7,0
7019,'1489975',937,,117,22,0,7,0
7019,'1489976',1017,,118,22,0,7,0
7019,'1489977',1057,,917,22,0,7,0
7019,'1489978',1137,,918,22,0,7,0
7019,'1489979',1217,,919,22,0,7,0
7019,'1489980',1257,,920,22,0,7,0
7019,'1489981',1337,,921,22,0,7,0
7019,'1489982',1417,,922,22,0,7,0
7019,'1489983',1457,,119,22,0,7,0
7019,'1489984',1537,,120,22,0,7,0
7019,'1489985',1617,,121,22,0,7,0
7019,'1489986',1657,,122,22,0,7,0
7019,'1489987',1737,,123,22,0,7,0
7019,'1489988',1817,,124,22,0,7,0
7019,'1489989',1857,,923,22,0,7,0
7019,'1489990',1937,,924,22,0,7,0
7019,'1489991',2017,,925,22,0,7,0
7019,'1489992',2057,,926,22,0,7,0
7019,'1489993',2137,,927,22,0,7,0
7019,'1489994',2217,,928,22,0,7,0
7019,'1489995',817,,125,22,0,7,0
7019,'1489996',857,,126,22,0,7,0
7019,'1489997',937,,127,22,0,7,0
7019,'1489998',1017,,128,22,0,7,0
7019,'1489999',1057,,129,22,0,7,0
7019,'1490000',1137,,130,22,0,7,0
7019,'1490001',1217,,131,22,0,7,0
7019,'1490002',1257,,132,22,0,7,0
7019,'1490003',1337,,133,22,0,7,0
7019,'1490004',1417,,134,22,0,7,0
7019,'1490005',1457,,135,22,0,7,0
7019,'1490006',1537,,136,22,0,7,0
7019,'1490007',1617,,137,22,0,7,0
7019,'1490008',1657,,138,22,0,7,0
7019,'1490009',1737,,139,22,0,7,0
7019,'1490010',1817,,140,22,0,7,0
7019,'1490011',1857,,929,22,0,7,0
7019,'1490012',1937,,930,22,0,7,0
7019,'1490013',2017,,931,22,0,7,0
7019,'1490014',2057,,932,22,0,7,0
7019,'1490015',2137,,933,22,0,7,0
7019,'1490016',2217,,934,22,0,7,0
