19019,'1489098',633,,1214,4,,,0
19019,'1489099',713,,1215,4,,,0
19019,'1489100',753,,1216,4,,,0
19019,'1489101',833,,1217,4,,,0
19019,'1489102',913,,1218,4,,,0
19019,'1489103',953,,1219,4,,,0
19019,'1489104',1033,,1220,4,,,0
19019,'1489105',1113,,1221,4,,,0
19019,'1489106',1153,,1222,4,,,0
19019,'1489107',1233,,1223,4,,,0
19019,'1489108',1313,,1224,4,,,0
19019,'1489109',1353,,1225,4,,,0
19019,'1489110',1433,,1226,4,,,0
19019,'1489111',1513,,1227,4,,,0
19019,'1489112',1553,,1228,4,,,0
19019,'1489113',1633,,1229,4,,,0
19019,'1489114',1713,,1230,4,,,0
19019,'1489115',1753,,1231,4,,,0
19019,'1489116',653,,1232,4,,,0
19019,'1489117',733,,1233,4,,,0
19019,'1489118',813,,1234,4,,,0
19019,'1489119',853,,1235,4,,,0
19019,'1489120',933,,1236,4,,,0
19019,'1489121',1013,,1237,4,,,0
19019,'1489122',1053,,1238,4,,,0
19019,'1489123',1133,,1239,4,,,0
19019,'1489124',1213,,1240,4,,,0
19019,'1489125',1253,,1241,4,,,0
19019,'1489126',1333,,1242,4,,,0
19019,'1489127',1413,,1243,4,,,0
19019,'1489128',1453,,1244,4,,,0
19019,'1489129',1533,,1245,4,,,0
19019,'1489130',1613,,1246,4,,,0
19019,'1489131',1653,,1247,4,,,0
19019,'1489132',1733,,1248,4,,,0
901019,'1490032',833,,1584,36,0,16 17,0
901019,'1490033',953,,1585,36,0,16 17,0
901019,'1490034',1113,,1586,36,0,16 17,0
901019,'1490035',1233,,1587,36,0,16 17,0
901019,'1490036',1353,,1588,36,0,16 17,0
901019,'1490037',1513,,1589,36,0,16 17,0
901019,'1490038',1633,,1590,36,0,16 17,0
901019,'1490039',1753,,1591,36,0,16 17,0
901019,'1490040',1913,,1592,36,0,16 17,0
901019,'1490041',2033,,1593,36,0,16 17,0
901019,'1490042',2153,,1594,36,0,16 17,0
901019,'1497384',1913,,1607,36,0,16 17,0
901019,'1497385',2033,,1608,36,0,16 17,0
901019,'1497386',2153,,1609,36,0,16 17,0
902019,'1490054',1833,,1610,4,0,16 17,0
902019,'1490055',1953,,1611,4,0,16 17,0
902019,'1490056',2113,,1612,4,0,16 17,0
902019,'1490057',753,,1613,4,0,16 17,0
902019,'1490058',913,,1614,4,0,16 17,0
902019,'1490059',1033,,1615,4,0,16 17,0
902019,'1490060',1153,,1616,4,0,16 17,0
902019,'1490061',1313,,1617,4,0,16 17,0
902019,'1490062',1433,,1618,4,0,16 17,0
902019,'1490063',1553,,1619,4,0,16 17,0
902019,'1490064',1713,,1620,4,0,16 17,0
902019,'1490065',1833,,1621,4,0,16 17,0
902019,'1490066',1953,,1622,4,0,16 17,0
902019,'1490067',2113,,1623,4,0,16 17,0
