7019,'1489971',655,,113,19,0,7,0
7019,'1489972',735,,114,19,0,7,0
7019,'1489973',815,,115,19,0,7,0
7019,'1489974',855,,116,19,0,7,0
7019,'1489975',935,,117,19,0,7,0
7019,'1489976',1015,,118,19,0,7,0
7019,'1489977',1055,,917,19,0,7,0
7019,'1489978',1135,,918,19,0,7,0
7019,'1489979',1215,,919,19,0,7,0
7019,'1489980',1255,,920,19,0,7,0
7019,'1489981',1335,,921,19,0,7,0
7019,'1489982',1415,,922,19,0,7,0
7019,'1489983',1455,,119,19,0,7,0
7019,'1489984',1535,,120,19,0,7,0
7019,'1489985',1615,,121,19,0,7,0
7019,'1489986',1655,,122,19,0,7,0
7019,'1489987',1735,,123,19,0,7,0
7019,'1489988',1815,,124,19,0,7,0
7019,'1489989',1855,,923,19,0,7,0
7019,'1489990',1935,,924,19,0,7,0
7019,'1489991',2015,,925,19,0,7,0
7019,'1489992',2055,,926,19,0,7,0
7019,'1489993',2135,,927,19,0,7,0
7019,'1489994',2215,,928,19,0,7,0
7019,'1489995',815,,125,19,0,7,0
7019,'1489996',855,,126,19,0,7,0
7019,'1489997',935,,127,19,0,7,0
7019,'1489998',1015,,128,19,0,7,0
7019,'1489999',1055,,129,19,0,7,0
7019,'1490000',1135,,130,19,0,7,0
7019,'1490001',1215,,131,19,0,7,0
7019,'1490002',1255,,132,19,0,7,0
7019,'1490003',1335,,133,19,0,7,0
7019,'1490004',1415,,134,19,0,7,0
7019,'1490005',1455,,135,19,0,7,0
7019,'1490006',1535,,136,19,0,7,0
7019,'1490007',1615,,137,19,0,7,0
7019,'1490008',1655,,138,19,0,7,0
7019,'1490009',1735,,139,19,0,7,0
7019,'1490010',1815,,140,19,0,7,0
7019,'1490011',1855,,929,19,0,7,0
7019,'1490012',1935,,930,19,0,7,0
7019,'1490013',2015,,931,19,0,7,0
7019,'1490014',2055,,932,19,0,7,0
7019,'1490015',2135,,933,19,0,7,0
7019,'1490016',2215,,934,19,0,7,0
