7019,'1489971',713,,113,36,0,7,0
7019,'1489972',753,,114,36,0,7,0
7019,'1489973',833,,115,36,0,7,0
7019,'1489974',913,,116,36,0,7,0
7019,'1489975',953,,117,36,0,7,0
7019,'1489976',1033,,118,36,0,7,0
7019,'1489977',1113,,917,36,0,7,0
7019,'1489978',1153,,918,36,0,7,0
7019,'1489979',1233,,919,36,0,7,0
7019,'1489980',1313,,920,36,0,7,0
7019,'1489981',1353,,921,36,0,7,0
7019,'1489982',1433,,922,36,0,7,0
7019,'1489983',1513,,119,36,0,7,0
7019,'1489984',1553,,120,36,0,7,0
7019,'1489985',1633,,121,36,0,7,0
7019,'1489986',1713,,122,36,0,7,0
7019,'1489987',1753,,123,36,0,7,0
7019,'1489988',1833,,124,36,0,7,0
7019,'1489989',1913,,923,36,0,7,0
7019,'1489990',1953,,924,36,0,7,0
7019,'1489991',2033,,925,36,0,7,0
7019,'1489992',2113,,926,36,0,7,0
7019,'1489993',2153,,927,36,0,7,0
7019,'1489994',2233,,928,36,0,7,0
7019,'1489995',833,,125,36,0,7,0
7019,'1489996',913,,126,36,0,7,0
7019,'1489997',953,,127,36,0,7,0
7019,'1489998',1033,,128,36,0,7,0
7019,'1489999',1113,,129,36,0,7,0
7019,'1490000',1153,,130,36,0,7,0
7019,'1490001',1233,,131,36,0,7,0
7019,'1490002',1313,,132,36,0,7,0
7019,'1490003',1353,,133,36,0,7,0
7019,'1490004',1433,,134,36,0,7,0
7019,'1490005',1513,,135,36,0,7,0
7019,'1490006',1553,,136,36,0,7,0
7019,'1490007',1633,,137,36,0,7,0
7019,'1490008',1713,,138,36,0,7,0
7019,'1490009',1753,,139,36,0,7,0
7019,'1490010',1833,,140,36,0,7,0
7019,'1490011',1913,,929,36,0,7,0
7019,'1490012',1953,,930,36,0,7,0
7019,'1490013',2033,,931,36,0,7,0
7019,'1490014',2113,,932,36,0,7,0
7019,'1490015',2153,,933,36,0,7,0
7019,'1490016',2233,,934,36,0,7,0
