12019,'1488124',735,,1637,29,0,12 13,0
12019,'1488125',835,,1638,29,0,12 13,0
12019,'1488126',935,,1639,29,0,12 13,0
12019,'1488127',1035,,1640,29,0,12 13,0
12019,'1488128',1135,,1641,29,0,12 13,0
12019,'1488129',1235,,1642,29,0,12 13,0
12019,'1488130',1335,,1643,29,0,12 13,0
12019,'1488131',1435,,1644,29,0,12 13,0
12019,'1488132',1535,,1645,29,0,12 13,0
12019,'1488133',1635,,1646,29,0,12 13,0
12019,'1488134',1735,,1647,29,0,12 13,0
12019,'1488135',1835,,1648,29,0,12 13,0
12019,'1488136',835,,1649,29,0,12 13,0
12019,'1488137',935,,1650,29,0,12 13,0
12019,'1488138',1035,,1651,29,0,12 13,0
12019,'1488139',1135,,1652,29,0,12 13,0
12019,'1488140',1235,,1653,29,0,12 13,0
12019,'1488141',1335,,1654,29,0,12 13,0
12019,'1488142',1435,,1655,29,0,12 13,0
12019,'1488143',1535,,1656,29,0,12 13,0
12019,'1488144',1635,,1657,29,0,12 13,0
12019,'1488145',1735,,1658,29,0,12 13,0
12019,'1488146',1835,,1659,29,0,12 13,0
