15019,'1492887',1835,,1660,6,,,0
15019,'1492888',1935,,1661,6,,,0
15019,'1492889',2035,,1662,6,,,0
15019,'1492890',2135,,1663,6,,,0
15019,'1495961',635,,1664,6,,,0
15019,'1495962',735,,1665,6,,,0
15019,'1495963',835,,1666,6,,,0
15019,'1495964',935,,1667,6,,,0
15019,'1495965',1035,,1668,6,,,0
15019,'1495966',1135,,1669,6,,,0
15019,'1495967',1235,,1670,6,,,0
15019,'1495968',1335,,1671,6,,,0
15019,'1495969',1435,,1672,6,,,0
15019,'1495970',1535,,1673,6,,,0
15019,'1495971',1635,,1674,6,,,0
15019,'1495972',1735,,1675,6,,,0
15019,'1497631',636,,1676,6,,,0
15019,'1497632',736,,1677,6,,,0
15019,'1497633',836,,1678,6,,,0
15019,'1497634',936,,1679,6,,,0
15019,'1497635',1036,,1680,6,,,0
15019,'1497636',1136,,1681,6,,,0
15019,'1497637',1236,,1682,6,,,0
15019,'1497638',1336,,1683,6,,,0
15019,'1497639',1436,,1684,6,,,0
15019,'1497640',1536,,1685,6,,,0
15019,'1497641',1636,,1686,6,,,0
15019,'1497642',1736,,1687,6,,,0
15019,'1497643',1836,,1688,6,,,0
15019,'1497644',1936,,1689,6,,,0
15019,'1497645',2036,,1690,6,,,0
15019,'1497646',2136,,1691,6,,,0
15019,'1497647',836,,1692,6,,,0
15019,'1497648',936,,1693,6,,,0
15019,'1497649',1036,,1694,6,,,0
15019,'1497650',1136,,1695,6,,,0
15019,'1497651',1236,,1696,6,,,0
15019,'1497652',1336,,1697,6,,,0
15019,'1497653',1436,,1698,6,,,0
15019,'1497654',1536,,1699,6,,,0
15019,'1497655',1636,,1700,6,,,0
15019,'1497656',1736,,1701,6,,,0
15019,'1497657',1836,,1702,6,,,0
15019,'1497658',1936,,1703,6,,,0
15019,'1497659',2036,,1704,6,,,0
15019,'1497660',2136,,1705,6,,,0
