20019,'1487191',701,,1001,29,,,0
20019,'1487192',741,,1002,29,,,0
20019,'1487193',821,,1003,29,,,0
20019,'1487194',901,,1004,29,,,0
20019,'1487195',941,,1005,29,,,0
20019,'1487196',1021,,1006,29,,,0
20019,'1487197',1101,,1007,29,,,0
20019,'1487198',1141,,1008,29,,,0
20019,'1487199',1221,,1009,29,,,0
20019,'1487200',1301,,1010,29,,,0
20019,'1487201',1341,,1011,29,,,0
20019,'1487202',1421,,1012,29,,,0
20019,'1487203',1501,,1013,29,,,0
20019,'1487204',1541,,1014,29,,,0
20019,'1487205',1621,,1015,29,,,0
20019,'1487206',1701,,1016,29,,,0
20019,'1487207',1741,,1017,29,,,0
20019,'1487208',1821,,1018,29,,,0
20019,'1487209',1901,,1019,29,,,0
20019,'1487210',1941,,1020,29,,,0
20019,'1487211',2021,,1021,29,,,0
20019,'1487212',2101,,1022,29,,,0
20019,'1487213',2141,,1023,29,,,0
20019,'1487214',2221,,1024,29,,,0
20019,'1492422',701,,1249,28,,,0
20019,'1492423',741,,1250,28,,,0
20019,'1492424',821,,1251,28,,,0
20019,'1492425',901,,1252,28,,,0
20019,'1492426',941,,1253,28,,,0
20019,'1492427',1021,,1254,28,,,0
20019,'1492428',1101,,1255,28,,,0
20019,'1492429',1141,,1256,28,,,0
20019,'1492430',1221,,1257,28,,,0
20019,'1492431',1301,,1258,28,,,0
20019,'1492432',1341,,1259,28,,,0
20019,'1492433',1421,,1260,28,,,0
20019,'1492434',1501,,1261,28,,,0
20019,'1492435',1541,,1262,28,,,0
20019,'1492436',1621,,1263,28,,,0
20019,'1492437',1701,,1264,28,,,0
20019,'1492438',1741,,1265,28,,,0
20019,'1492439',1821,,1266,28,,,0
20019,'1492440',821,,1267,28,,,0
20019,'1492441',901,,1268,28,,,0
20019,'1492442',941,,1269,28,,,0
20019,'1492443',1021,,1270,28,,,0
20019,'1492444',1101,,1271,28,,,0
20019,'1492445',1141,,1272,28,,,0
20019,'1492446',1221,,1273,28,,,0
20019,'1492447',1301,,1274,28,,,0
20019,'1492448',1341,,1275,28,,,0
20019,'1492449',1421,,1276,28,,,0
20019,'1492450',1501,,1277,28,,,0
20019,'1492451',1541,,1278,28,,,0
20019,'1492452',1621,,1279,28,,,0
20019,'1492453',1701,,1280,28,,,0
20019,'1492454',1741,,1281,28,,,0
20019,'1492455',1821,,1282,28,,,0
20019,'1496039',1901,,1283,28,,,0
20019,'1496040',1941,,1284,28,,,0
20019,'1496041',2021,,1285,28,,,0
20019,'1496042',2101,,1286,28,,,0
20019,'1496043',2141,,1287,28,,,0
20019,'1496044',2221,,1288,28,,,0
20019,'1496045',1901,,1289,28,,,0
20019,'1496046',1941,,1290,28,,,0
20019,'1496047',2021,,1291,28,,,0
20019,'1496048',2101,,1292,28,,,0
20019,'1496049',2141,,1293,28,,,0
20019,'1496050',2221,,1294,28,,,0
