15019,'1480582',622,,255,3,0,6,0
15019,'1480583',822,,256,3,0,6,0
19019,'1489098',632,,1214,3,,,0
19019,'1489099',712,,1215,3,,,0
19019,'1489100',752,,1216,3,,,0
19019,'1489101',832,,1217,3,,,0
19019,'1489102',912,,1218,3,,,0
19019,'1489103',952,,1219,3,,,0
19019,'1489104',1032,,1220,3,,,0
19019,'1489105',1112,,1221,3,,,0
19019,'1489106',1152,,1222,3,,,0
19019,'1489107',1232,,1223,3,,,0
19019,'1489108',1312,,1224,3,,,0
19019,'1489109',1352,,1225,3,,,0
19019,'1489110',1432,,1226,3,,,0
19019,'1489111',1512,,1227,3,,,0
19019,'1489112',1552,,1228,3,,,0
19019,'1489113',1632,,1229,3,,,0
19019,'1489114',1712,,1230,3,,,0
19019,'1489115',1752,,1231,3,,,0
19019,'1489116',652,,1232,3,,,0
19019,'1489117',732,,1233,3,,,0
19019,'1489118',812,,1234,3,,,0
19019,'1489119',852,,1235,3,,,0
19019,'1489120',932,,1236,3,,,0
19019,'1489121',1012,,1237,3,,,0
19019,'1489122',1052,,1238,3,,,0
19019,'1489123',1132,,1239,3,,,0
19019,'1489124',1212,,1240,3,,,0
19019,'1489125',1252,,1241,3,,,0
19019,'1489126',1332,,1242,3,,,0
19019,'1489127',1412,,1243,3,,,0
19019,'1489128',1452,,1244,3,,,0
19019,'1489129',1532,,1245,3,,,0
19019,'1489130',1612,,1246,3,,,0
19019,'1489131',1652,,1247,3,,,0
19019,'1489132',1732,,1248,3,,,0
66019,'1489865',817,,1047,13,,,0
66019,'1489866',847,,1048,13,,,0
66019,'1489867',917,,1049,13,,,0
66019,'1489868',947,,1050,13,,,0
66019,'1489869',1017,,1051,13,,,0
66019,'1489870',1047,,1052,13,,,0
66019,'1489871',1117,,1053,13,,,0
66019,'1489872',1147,,1054,13,,,0
66019,'1489873',1217,,1055,13,,,0
66019,'1489874',1247,,1056,13,,,0
66019,'1489875',1317,,1057,13,,,0
66019,'1489876',1347,,1058,13,,,0
66019,'1489877',1417,,1059,13,,,0
66019,'1489878',1447,,1060,13,,,0
66019,'1489879',1517,,1061,13,,,0
66019,'1489880',1547,,1062,13,,,0
66019,'1489881',1617,,1063,13,,,0
66019,'1489882',1647,,1064,13,,,0
66019,'1489883',1717,,1065,13,,,0
901019,'1490032',832,,1584,35,0,16 17,0
901019,'1490033',952,,1585,35,0,16 17,0
901019,'1490034',1112,,1586,35,0,16 17,0
901019,'1490035',1232,,1587,35,0,16 17,0
901019,'1490036',1352,,1588,35,0,16 17,0
901019,'1490037',1512,,1589,35,0,16 17,0
901019,'1490038',1632,,1590,35,0,16 17,0
901019,'1490039',1752,,1591,35,0,16 17,0
901019,'1490040',1912,,1592,35,0,16 17,0
901019,'1490041',2032,,1593,35,0,16 17,0
901019,'1490042',2152,,1594,35,0,16 17,0
901019,'1497384',1912,,1607,35,0,16 17,0
901019,'1497385',2032,,1608,35,0,16 17,0
901019,'1497386',2152,,1609,35,0,16 17,0
902019,'1490054',1832,,1610,3,0,16 17,0
902019,'1490055',1952,,1611,3,0,16 17,0
902019,'1490056',2112,,1612,3,0,16 17,0
902019,'1490057',752,,1613,3,0,16 17,0
902019,'1490058',912,,1614,3,0,16 17,0
902019,'1490059',1032,,1615,3,0,16 17,0
902019,'1490060',1152,,1616,3,0,16 17,0
902019,'1490061',1312,,1617,3,0,16 17,0
902019,'1490062',1432,,1618,3,0,16 17,0
902019,'1490063',1552,,1619,3,0,16 17,0
902019,'1490064',1712,,1620,3,0,16 17,0
902019,'1490065',1832,,1621,3,0,16 17,0
902019,'1490066',1952,,1622,3,0,16 17,0
902019,'1490067',2112,,1623,3,0,16 17,0
