1019,'1482680',806,,3,15,0,11,0
1019,'1482681',846,,4,15,0,11,0
1019,'1482682',926,,5,15,0,11,0
1019,'1482683',1006,,6,15,0,11,0
1019,'1482684',1046,,7,15,0,11,0
1019,'1482685',1126,,8,15,0,11,0
1019,'1482686',1206,,9,15,0,11,0
1019,'1482687',1246,,10,15,0,11,0
1019,'1482688',1326,,11,15,0,11,0
1019,'1482689',1406,,12,15,0,11,0
1019,'1482690',1446,,13,15,0,11,0
1019,'1482691',1526,,14,15,0,11,0
1019,'1482692',1606,,15,15,0,11,0
1019,'1482693',1646,,16,15,0,11,0
1019,'1482694',1726,,17,15,0,11,0
1019,'1482695',1806,,18,15,0,11,0
1019,'1482696',1846,,19,15,0,11,0
1019,'1482697',1926,,20,15,0,11,0
1019,'1482698',2006,,21,15,0,11,0
1019,'1482699',2046,,22,15,0,11,0
1019,'1482700',2126,,23,15,0,11,0
1019,'1482701',2206,,24,15,0,11,0
1019,'1485865',646,,26,18,0,11,0
1019,'1485866',726,,27,18,0,11,0
1019,'1485867',806,,28,18,0,11,0
1019,'1485868',846,,29,18,0,11,0
1019,'1485869',926,,30,18,0,11,0
1019,'1485870',1006,,31,18,0,11,0
1019,'1485871',1046,,32,18,0,11,0
1019,'1485872',1126,,33,18,0,11,0
1019,'1485873',1206,,34,18,0,11,0
1019,'1485874',1246,,35,18,0,11,0
1019,'1485875',1326,,36,18,0,11,0
1019,'1485876',1406,,37,18,0,11,0
1019,'1485877',1446,,38,18,0,11,0
1019,'1485878',1526,,39,18,0,11,0
1019,'1485879',1606,,40,18,0,11,0
1019,'1485880',1646,,41,18,0,11,0
1019,'1485881',1726,,42,18,0,11,0
1019,'1485882',1806,,43,18,0,11,0
1019,'1485883',806,,869,18,0,11,0
1019,'1485884',846,,870,18,0,11,0
1019,'1485885',926,,871,18,0,11,0
1019,'1485886',1006,,872,18,0,11,0
1019,'1485887',1046,,873,18,0,11,0
1019,'1485888',1126,,874,18,0,11,0
1019,'1485889',1206,,875,18,0,11,0
1019,'1485890',1246,,876,18,0,11,0
1019,'1485891',1326,,877,18,0,11,0
1019,'1485892',1406,,878,18,0,11,0
1019,'1485893',1446,,879,18,0,11,0
1019,'1485894',1526,,880,18,0,11,0
1019,'1485895',1606,,881,18,0,11,0
1019,'1485896',1646,,882,18,0,11,0
1019,'1485897',1726,,883,18,0,11,0
1019,'1485898',1806,,884,18,0,11,0
3019,'1486996',827,,1149,41,,,0
3019,'1486997',907,,1150,41,,,0
3019,'1486998',947,,1151,41,,,0
3019,'1486999',1027,,1152,41,,,0
3019,'1487000',1107,,1153,41,,,0
3019,'1487001',1147,,1154,41,,,0
3019,'1487002',1227,,1155,41,,,0
3019,'1487003',1307,,1156,41,,,0
3019,'1487004',1347,,1157,41,,,0
3019,'1487005',1427,,1158,41,,,0
3019,'1487006',1507,,1159,41,,,0
3019,'1487007',1547,,1160,41,,,0
3019,'1487008',1627,,1161,41,,,0
3019,'1487009',1707,,1162,41,,,0
3019,'1494946',737,,916,13,,,0
10019,'1483448',645,,161,13,0,5,0
10019,'1483449',1525,,162,13,0,5,0
10019,'1486951',707,,163,19,,,0
10019,'1486952',727,,164,19,,,0
10019,'1486953',747,,165,19,,,0
10019,'1486954',1547,,166,19,,,0
10019,'1486955',1607,,167,19,,,0
10019,'1486956',1627,,168,19,,,0
10019,'1486957',1647,,169,19,,,0
