15019,'1492887',1852,,1660,27,,,0
15019,'1492888',1952,,1661,27,,,0
15019,'1492889',2052,,1662,27,,,0
15019,'1492890',2152,,1663,27,,,0
15019,'1495961',652,,1664,27,,,0
15019,'1495962',752,,1665,27,,,0
15019,'1495963',852,,1666,27,,,0
15019,'1495964',952,,1667,27,,,0
15019,'1495965',1052,,1668,27,,,0
15019,'1495966',1152,,1669,27,,,0
15019,'1495967',1252,,1670,27,,,0
15019,'1495968',1352,,1671,27,,,0
15019,'1495969',1452,,1672,27,,,0
15019,'1495970',1552,,1673,27,,,0
15019,'1495971',1652,,1674,27,,,0
15019,'1495972',1752,,1675,27,,,0
15019,'1497631',652,,1676,27,,,0
15019,'1497632',752,,1677,27,,,0
15019,'1497633',852,,1678,27,,,0
15019,'1497634',952,,1679,27,,,0
15019,'1497635',1052,,1680,27,,,0
15019,'1497636',1152,,1681,27,,,0
15019,'1497637',1252,,1682,27,,,0
15019,'1497638',1352,,1683,27,,,0
15019,'1497639',1452,,1684,27,,,0
15019,'1497640',1552,,1685,27,,,0
15019,'1497641',1652,,1686,27,,,0
15019,'1497642',1752,,1687,27,,,0
15019,'1497643',1852,,1688,27,,,0
15019,'1497644',1952,,1689,27,,,0
15019,'1497645',2052,,1690,27,,,0
15019,'1497646',2152,,1691,27,,,0
15019,'1497647',852,,1692,27,,,0
15019,'1497648',952,,1693,27,,,0
15019,'1497649',1052,,1694,27,,,0
15019,'1497650',1152,,1695,27,,,0
15019,'1497651',1252,,1696,27,,,0
15019,'1497652',1352,,1697,27,,,0
15019,'1497653',1452,,1698,27,,,0
15019,'1497654',1552,,1699,27,,,0
15019,'1497655',1652,,1700,27,,,0
15019,'1497656',1752,,1701,27,,,0
15019,'1497657',1852,,1702,27,,,0
15019,'1497658',1952,,1703,27,,,0
15019,'1497659',2052,,1704,27,,,0
15019,'1497660',2152,,1705,27,,,0
