7019,'1489971',713,,113,37,0,7,0
7019,'1489972',753,,114,37,0,7,0
7019,'1489973',833,,115,37,0,7,0
7019,'1489974',913,,116,37,0,7,0
7019,'1489975',953,,117,37,0,7,0
7019,'1489976',1033,,118,37,0,7,0
7019,'1489977',1113,,917,37,0,7,0
7019,'1489978',1153,,918,37,0,7,0
7019,'1489979',1233,,919,37,0,7,0
7019,'1489980',1313,,920,37,0,7,0
7019,'1489981',1353,,921,37,0,7,0
7019,'1489982',1433,,922,37,0,7,0
7019,'1489983',1513,,119,37,0,7,0
7019,'1489984',1553,,120,37,0,7,0
7019,'1489985',1633,,121,37,0,7,0
7019,'1489986',1713,,122,37,0,7,0
7019,'1489987',1753,,123,37,0,7,0
7019,'1489988',1833,,124,37,0,7,0
7019,'1489989',1913,,923,37,0,7,0
7019,'1489990',1953,,924,37,0,7,0
7019,'1489991',2033,,925,37,0,7,0
7019,'1489992',2113,,926,37,0,7,0
7019,'1489993',2153,,927,37,0,7,0
7019,'1489994',2233,,928,37,0,7,0
7019,'1489995',833,,125,37,0,7,0
7019,'1489996',913,,126,37,0,7,0
7019,'1489997',953,,127,37,0,7,0
7019,'1489998',1033,,128,37,0,7,0
7019,'1489999',1113,,129,37,0,7,0
7019,'1490000',1153,,130,37,0,7,0
7019,'1490001',1233,,131,37,0,7,0
7019,'1490002',1313,,132,37,0,7,0
7019,'1490003',1353,,133,37,0,7,0
7019,'1490004',1433,,134,37,0,7,0
7019,'1490005',1513,,135,37,0,7,0
7019,'1490006',1553,,136,37,0,7,0
7019,'1490007',1633,,137,37,0,7,0
7019,'1490008',1713,,138,37,0,7,0
7019,'1490009',1753,,139,37,0,7,0
7019,'1490010',1833,,140,37,0,7,0
7019,'1490011',1913,,929,37,0,7,0
7019,'1490012',1953,,930,37,0,7,0
7019,'1490013',2033,,931,37,0,7,0
7019,'1490014',2113,,932,37,0,7,0
7019,'1490015',2153,,933,37,0,7,0
7019,'1490016',2233,,934,37,0,7,0
