7019,'1482898',633,,111,8,0,8,0
7019,'1482899',753,,112,8,0,8,0
12019,'1482623',703,,170,8,0,8,0
12019,'1482624',803,,171,8,0,8,0
16019,'1497350',802,,1563,19,0,9 10,0
16019,'1497351',902,,1564,19,0,9 10,0
16019,'1497352',1002,,1565,19,0,9 10,0
16019,'1497353',1102,,1566,19,0,9 10,0
16019,'1497354',1202,,1567,19,0,9 10,0
16019,'1497355',1302,,1568,19,0,9 10,0
16019,'1497356',1402,,1569,19,0,9 10,0
16019,'1497357',1502,,1570,19,0,9 10,0
16019,'1497358',1602,,1571,19,0,9 10,0
16019,'1497359',1702,,1572,19,0,9 10,0
16019,'1497360',1802,,1573,19,0,9 10,0
16019,'1497361',902,,1574,19,0,9 10,0
16019,'1497362',1002,,1575,19,0,9 10,0
16019,'1497363',1102,,1576,19,0,9 10,0
16019,'1497364',1202,,1577,19,0,9 10,0
16019,'1497365',1302,,1578,19,0,9 10,0
16019,'1497366',1402,,1579,19,0,9 10,0
16019,'1497367',1502,,1580,19,0,9 10,0
16019,'1497368',1602,,1581,19,0,9 10,0
16019,'1497369',1702,,1582,19,0,9 10,0
16019,'1497370',1802,,1583,19,0,9 10,0
