15019,'1492887',1901,,1660,38,,,0
15019,'1492888',2001,,1661,38,,,0
15019,'1492889',2101,,1662,38,,,0
15019,'1492890',2201,,1663,38,,,0
15019,'1495961',701,,1664,38,,,0
15019,'1495962',801,,1665,38,,,0
15019,'1495963',901,,1666,38,,,0
15019,'1495964',1001,,1667,38,,,0
15019,'1495965',1101,,1668,38,,,0
15019,'1495966',1201,,1669,38,,,0
15019,'1495967',1301,,1670,38,,,0
15019,'1495968',1401,,1671,38,,,0
15019,'1495969',1501,,1672,38,,,0
15019,'1495970',1601,,1673,38,,,0
15019,'1495971',1701,,1674,38,,,0
15019,'1495972',1801,,1675,38,,,0
15019,'1497631',701,,1676,38,,,0
15019,'1497632',801,,1677,38,,,0
15019,'1497633',901,,1678,38,,,0
15019,'1497634',1001,,1679,38,,,0
15019,'1497635',1101,,1680,38,,,0
15019,'1497636',1201,,1681,38,,,0
15019,'1497637',1301,,1682,38,,,0
15019,'1497638',1401,,1683,38,,,0
15019,'1497639',1501,,1684,38,,,0
15019,'1497640',1601,,1685,38,,,0
15019,'1497641',1701,,1686,38,,,0
15019,'1497642',1801,,1687,38,,,0
15019,'1497643',1901,,1688,38,,,0
15019,'1497644',2001,,1689,38,,,0
15019,'1497645',2101,,1690,38,,,0
15019,'1497646',2201,,1691,38,,,0
15019,'1497647',901,,1692,38,,,0
15019,'1497648',1001,,1693,38,,,0
15019,'1497649',1101,,1694,38,,,0
15019,'1497650',1201,,1695,38,,,0
15019,'1497651',1301,,1696,38,,,0
15019,'1497652',1401,,1697,38,,,0
15019,'1497653',1501,,1698,38,,,0
15019,'1497654',1601,,1699,38,,,0
15019,'1497655',1701,,1700,38,,,0
15019,'1497656',1801,,1701,38,,,0
15019,'1497657',1901,,1702,38,,,0
15019,'1497658',2001,,1703,38,,,0
15019,'1497659',2101,,1704,38,,,0
15019,'1497660',2201,,1705,38,,,0
