7019,'1489971',711,,113,34,0,7,0
7019,'1489972',751,,114,34,0,7,0
7019,'1489973',831,,115,34,0,7,0
7019,'1489974',911,,116,34,0,7,0
7019,'1489975',951,,117,34,0,7,0
7019,'1489976',1031,,118,34,0,7,0
7019,'1489977',1111,,917,34,0,7,0
7019,'1489978',1151,,918,34,0,7,0
7019,'1489979',1231,,919,34,0,7,0
7019,'1489980',1311,,920,34,0,7,0
7019,'1489981',1351,,921,34,0,7,0
7019,'1489982',1431,,922,34,0,7,0
7019,'1489983',1511,,119,34,0,7,0
7019,'1489984',1551,,120,34,0,7,0
7019,'1489985',1631,,121,34,0,7,0
7019,'1489986',1711,,122,34,0,7,0
7019,'1489987',1751,,123,34,0,7,0
7019,'1489988',1831,,124,34,0,7,0
7019,'1489989',1911,,923,34,0,7,0
7019,'1489990',1951,,924,34,0,7,0
7019,'1489991',2031,,925,34,0,7,0
7019,'1489992',2111,,926,34,0,7,0
7019,'1489993',2151,,927,34,0,7,0
7019,'1489994',2231,,928,34,0,7,0
7019,'1489995',831,,125,34,0,7,0
7019,'1489996',911,,126,34,0,7,0
7019,'1489997',951,,127,34,0,7,0
7019,'1489998',1031,,128,34,0,7,0
7019,'1489999',1111,,129,34,0,7,0
7019,'1490000',1151,,130,34,0,7,0
7019,'1490001',1231,,131,34,0,7,0
7019,'1490002',1311,,132,34,0,7,0
7019,'1490003',1351,,133,34,0,7,0
7019,'1490004',1431,,134,34,0,7,0
7019,'1490005',1511,,135,34,0,7,0
7019,'1490006',1551,,136,34,0,7,0
7019,'1490007',1631,,137,34,0,7,0
7019,'1490008',1711,,138,34,0,7,0
7019,'1490009',1751,,139,34,0,7,0
7019,'1490010',1831,,140,34,0,7,0
7019,'1490011',1911,,929,34,0,7,0
7019,'1490012',1951,,930,34,0,7,0
7019,'1490013',2031,,931,34,0,7,0
7019,'1490014',2111,,932,34,0,7,0
7019,'1490015',2151,,933,34,0,7,0
7019,'1490016',2231,,934,34,0,7,0
