93019,'1496012',735,,1295,23,,,0
93019,'1496013',835,,1296,23,,,0
93019,'1496014',935,,1297,23,,,0
93019,'1496015',1035,,1298,23,,,0
93019,'1496016',1135,,1299,23,,,0
93019,'1496017',1235,,1300,23,,,0
93019,'1496018',1335,,1301,23,,,0
93019,'1496019',1435,,1302,23,,,0
93019,'1496020',1535,,1303,23,,,0
93019,'1496021',1635,,1304,23,,,0
93019,'1496022',1735,,1305,23,,,0
901019,'1490032',815,,1584,23,0,6,0
901019,'1490033',935,,1585,23,0,6,0
901019,'1490034',1055,,1586,23,0,6,0
901019,'1490035',1215,,1587,23,0,6,0
901019,'1490036',1335,,1588,23,0,6,0
901019,'1490037',1455,,1589,23,0,6,0
901019,'1490038',1615,,1590,23,0,6,0
901019,'1490039',1735,,1591,23,0,6,0
901019,'1490040',1855,,1592,23,0,6,0
901019,'1490041',2015,,1593,23,0,6,0
901019,'1490042',2135,,1594,23,0,6,0
901019,'1497372',655,,1595,23,0,6,0
901019,'1497373',755,,1596,23,0,6,0
901019,'1497374',855,,1597,23,0,6,0
901019,'1497375',955,,1598,23,0,6,0
901019,'1497376',1055,,1599,23,0,6,0
901019,'1497377',1155,,1600,23,0,6,0
901019,'1497378',1255,,1601,23,0,6,0
901019,'1497379',1355,,1602,23,0,6,0
901019,'1497380',1455,,1603,23,0,6,0
901019,'1497381',1555,,1604,23,0,6,0
901019,'1497382',1655,,1605,23,0,6,0
901019,'1497383',1755,,1606,23,0,6,0
901019,'1497384',1855,,1607,23,0,6,0
901019,'1497385',2015,,1608,23,0,6,0
901019,'1497386',2135,,1609,23,0,6,0
902019,'1490054',1935,,1610,49,0,6,0
902019,'1490055',2055,,1611,49,0,6,0
902019,'1490056',2215,,1612,49,0,6,0
902019,'1490057',855,,1613,49,0,6,0
902019,'1490058',1015,,1614,49,0,6,0
902019,'1490059',1135,,1615,49,0,6,0
902019,'1490060',1255,,1616,49,0,6,0
902019,'1490061',1415,,1617,49,0,6,0
902019,'1490062',1535,,1618,49,0,6,0
902019,'1490063',1655,,1619,49,0,6,0
902019,'1490064',1815,,1620,49,0,6,0
902019,'1490065',1935,,1621,49,0,6,0
902019,'1490066',2055,,1622,49,0,6,0
902019,'1490067',2215,,1623,49,0,6,0
902019,'1490068',1815,,1624,23,0,6,0
902019,'1497387',715,,1625,23,0,6,0
902019,'1497388',815,,1626,23,0,6,0
902019,'1497389',915,,1627,23,0,6,0
902019,'1497390',1015,,1628,23,0,6,0
902019,'1497391',1115,,1629,23,0,6,0
902019,'1497392',1215,,1630,23,0,6,0
902019,'1497393',1315,,1631,23,0,6,0
902019,'1497394',1415,,1632,23,0,6,0
902019,'1497395',1515,,1633,23,0,6,0
902019,'1497396',1615,,1634,23,0,6,0
902019,'1497397',1715,,1635,23,0,6,0
