66019,'1491659',806,,744,5,,,0
66019,'1491660',836,,745,5,,,0
66019,'1491661',906,,746,5,,,0
66019,'1491662',936,,747,5,,,0
66019,'1491663',1006,,748,5,,,0
66019,'1491664',1036,,749,5,,,0
66019,'1491665',1106,,750,5,,,0
66019,'1491666',1136,,751,5,,,0
66019,'1491667',1206,,752,5,,,0
66019,'1491668',1236,,753,5,,,0
66019,'1491669',1306,,754,5,,,0
66019,'1491670',1336,,755,5,,,0
66019,'1491671',1406,,756,5,,,0
66019,'1491672',1436,,757,5,,,0
66019,'1491673',1506,,758,5,,,0
66019,'1491674',1536,,759,5,,,0
66019,'1491675',1606,,760,5,,,0
66019,'1491676',1636,,761,5,,,0
66019,'1491677',1706,,762,5,,,0
