3019,'1486996',745,,1149,4,,,0
3019,'1486997',835,,1150,4,,,0
3019,'1486998',915,,1151,4,,,0
3019,'1486999',955,,1152,4,,,0
3019,'1487000',1035,,1153,4,,,0
3019,'1487001',1115,,1154,4,,,0
3019,'1487002',1155,,1155,4,,,0
3019,'1487003',1235,,1156,4,,,0
3019,'1487004',1315,,1157,4,,,0
3019,'1487005',1355,,1158,4,,,0
3019,'1487006',1435,,1159,4,,,0
3019,'1487007',1515,,1160,4,,,0
3019,'1487008',1555,,1161,4,,,0
3019,'1487009',1635,,1162,4,,,0
30000019,'1496023',820,,1329,5,,,0
30000019,'1496024',920,,1330,5,,,0
30000019,'1496025',1020,,1331,5,,,0
30000019,'1496026',1120,,1332,5,,,0
30000019,'1496027',1220,,1333,5,,,0
30000019,'1496028',1320,,1334,5,,,0
30000019,'1496029',1420,,1335,5,,,0
30000019,'1496030',1520,,1336,5,,,0
30000019,'1496031',1620,,1337,5,,,0
