15019,'1492887',1913,,1660,46,,,0
15019,'1492888',2013,,1661,46,,,0
15019,'1492889',2113,,1662,46,,,0
15019,'1492890',2213,,1663,46,,,0
15019,'1495961',713,,1664,46,,,0
15019,'1495962',813,,1665,46,,,0
15019,'1495963',913,,1666,46,,,0
15019,'1495964',1013,,1667,46,,,0
15019,'1495965',1113,,1668,46,,,0
15019,'1495966',1213,,1669,46,,,0
15019,'1495967',1313,,1670,46,,,0
15019,'1495968',1413,,1671,46,,,0
15019,'1495969',1513,,1672,46,,,0
15019,'1495970',1613,,1673,46,,,0
15019,'1495971',1713,,1674,46,,,0
15019,'1495972',1813,,1675,46,,,0
15019,'1497631',713,,1676,46,,,0
15019,'1497632',813,,1677,46,,,0
15019,'1497633',913,,1678,46,,,0
15019,'1497634',1013,,1679,46,,,0
15019,'1497635',1113,,1680,46,,,0
15019,'1497636',1213,,1681,46,,,0
15019,'1497637',1313,,1682,46,,,0
15019,'1497638',1413,,1683,46,,,0
15019,'1497639',1513,,1684,46,,,0
15019,'1497640',1613,,1685,46,,,0
15019,'1497641',1713,,1686,46,,,0
15019,'1497642',1813,,1687,46,,,0
15019,'1497643',1913,,1688,46,,,0
15019,'1497644',2013,,1689,46,,,0
15019,'1497645',2113,,1690,46,,,0
15019,'1497646',2213,,1691,46,,,0
15019,'1497647',913,,1692,46,,,0
15019,'1497648',1013,,1693,46,,,0
15019,'1497649',1113,,1694,46,,,0
15019,'1497650',1213,,1695,46,,,0
15019,'1497651',1313,,1696,46,,,0
15019,'1497652',1413,,1697,46,,,0
15019,'1497653',1513,,1698,46,,,0
15019,'1497654',1613,,1699,46,,,0
15019,'1497655',1713,,1700,46,,,0
15019,'1497656',1813,,1701,46,,,0
15019,'1497657',1913,,1702,46,,,0
15019,'1497658',2013,,1703,46,,,0
15019,'1497659',2113,,1704,46,,,0
15019,'1497660',2213,,1705,46,,,0
