19019,'1489098',635,,1214,5,,,0
19019,'1489099',715,,1215,5,,,0
19019,'1489100',755,,1216,5,,,0
19019,'1489101',835,,1217,5,,,0
19019,'1489102',915,,1218,5,,,0
19019,'1489103',955,,1219,5,,,0
19019,'1489104',1035,,1220,5,,,0
19019,'1489105',1115,,1221,5,,,0
19019,'1489106',1155,,1222,5,,,0
19019,'1489107',1235,,1223,5,,,0
19019,'1489108',1315,,1224,5,,,0
19019,'1489109',1355,,1225,5,,,0
19019,'1489110',1435,,1226,5,,,0
19019,'1489111',1515,,1227,5,,,0
19019,'1489112',1555,,1228,5,,,0
19019,'1489113',1635,,1229,5,,,0
19019,'1489114',1715,,1230,5,,,0
19019,'1489115',1755,,1231,5,,,0
19019,'1489116',655,,1232,5,,,0
19019,'1489117',735,,1233,5,,,0
19019,'1489118',815,,1234,5,,,0
19019,'1489119',855,,1235,5,,,0
19019,'1489120',935,,1236,5,,,0
19019,'1489121',1015,,1237,5,,,0
19019,'1489122',1055,,1238,5,,,0
19019,'1489123',1135,,1239,5,,,0
19019,'1489124',1215,,1240,5,,,0
19019,'1489125',1255,,1241,5,,,0
19019,'1489126',1335,,1242,5,,,0
19019,'1489127',1415,,1243,5,,,0
19019,'1489128',1455,,1244,5,,,0
19019,'1489129',1535,,1245,5,,,0
19019,'1489130',1615,,1246,5,,,0
19019,'1489131',1655,,1247,5,,,0
19019,'1489132',1735,,1248,5,,,0
901019,'1490032',835,,1584,37,0,16 17,0
901019,'1490033',955,,1585,37,0,16 17,0
901019,'1490034',1115,,1586,37,0,16 17,0
901019,'1490035',1235,,1587,37,0,16 17,0
901019,'1490036',1355,,1588,37,0,16 17,0
901019,'1490037',1515,,1589,37,0,16 17,0
901019,'1490038',1635,,1590,37,0,16 17,0
901019,'1490039',1755,,1591,37,0,16 17,0
901019,'1490040',1915,,1592,37,0,16 17,0
901019,'1490041',2035,,1593,37,0,16 17,0
901019,'1490042',2155,,1594,37,0,16 17,0
901019,'1497384',1915,,1607,37,0,16 17,0
901019,'1497385',2035,,1608,37,0,16 17,0
901019,'1497386',2155,,1609,37,0,16 17,0
902019,'1490054',1835,,1610,5,0,16 17,0
902019,'1490055',1955,,1611,5,0,16 17,0
902019,'1490056',2115,,1612,5,0,16 17,0
902019,'1490057',755,,1613,5,0,16 17,0
902019,'1490058',915,,1614,5,0,16 17,0
902019,'1490059',1035,,1615,5,0,16 17,0
902019,'1490060',1155,,1616,5,0,16 17,0
902019,'1490061',1315,,1617,5,0,16 17,0
902019,'1490062',1435,,1618,5,0,16 17,0
902019,'1490063',1555,,1619,5,0,16 17,0
902019,'1490064',1715,,1620,5,0,16 17,0
902019,'1490065',1835,,1621,5,0,16 17,0
902019,'1490066',1955,,1622,5,0,16 17,0
902019,'1490067',2115,,1623,5,0,16 17,0
