66019,'1489865',807,,412,7,0,19,0
66019,'1489866',837,,413,7,0,19,0
66019,'1489867',907,,414,7,0,19,0
66019,'1489868',937,,415,7,0,19,0
66019,'1489869',1007,,416,7,0,19,0
66019,'1489870',1037,,417,7,0,19,0
66019,'1489871',1107,,418,7,0,19,0
66019,'1489872',1137,,419,7,0,19,0
66019,'1489873',1207,,420,7,0,19,0
66019,'1489874',1237,,421,7,0,19,0
66019,'1489875',1307,,422,7,0,19,0
66019,'1489876',1337,,423,7,0,19,0
66019,'1489877',1407,,424,7,0,19,0
66019,'1489878',1437,,425,7,0,19,0
66019,'1489879',1507,,426,7,0,19,0
66019,'1489880',1537,,427,7,0,19,0
66019,'1489881',1607,,428,7,0,19,0
66019,'1489882',1637,,429,7,0,19,0
66019,'1489883',1707,,430,7,0,19,0
66019,'1491659',807,,744,7,,,0
66019,'1491660',837,,745,7,,,0
66019,'1491661',907,,746,7,,,0
66019,'1491662',937,,747,7,,,0
66019,'1491663',1007,,748,7,,,0
66019,'1491664',1037,,749,7,,,0
66019,'1491665',1107,,750,7,,,0
66019,'1491666',1137,,751,7,,,0
66019,'1491667',1207,,752,7,,,0
66019,'1491668',1237,,753,7,,,0
66019,'1491669',1307,,754,7,,,0
66019,'1491670',1337,,755,7,,,0
66019,'1491671',1407,,756,7,,,0
66019,'1491672',1437,,757,7,,,0
66019,'1491673',1507,,758,7,,,0
66019,'1491674',1537,,759,7,,,0
66019,'1491675',1607,,760,7,,,0
66019,'1491676',1637,,761,7,,,0
66019,'1491677',1707,,762,7,,,0
