7019,'1482898',636,,111,11,0,8,0
7019,'1482899',756,,112,11,0,8,0
12019,'1482623',706,,170,11,0,8,0
12019,'1482624',806,,171,11,0,8,0
16019,'1497350',805,,1563,22,0,9 10,0
16019,'1497351',905,,1564,22,0,9 10,0
16019,'1497352',1005,,1565,22,0,9 10,0
16019,'1497353',1105,,1566,22,0,9 10,0
16019,'1497354',1205,,1567,22,0,9 10,0
16019,'1497355',1305,,1568,22,0,9 10,0
16019,'1497356',1405,,1569,22,0,9 10,0
16019,'1497357',1505,,1570,22,0,9 10,0
16019,'1497358',1605,,1571,22,0,9 10,0
16019,'1497359',1705,,1572,22,0,9 10,0
16019,'1497360',1805,,1573,22,0,9 10,0
16019,'1497361',905,,1574,22,0,9 10,0
16019,'1497362',1005,,1575,22,0,9 10,0
16019,'1497363',1105,,1576,22,0,9 10,0
16019,'1497364',1205,,1577,22,0,9 10,0
16019,'1497365',1305,,1578,22,0,9 10,0
16019,'1497366',1405,,1579,22,0,9 10,0
16019,'1497367',1505,,1580,22,0,9 10,0
16019,'1497368',1605,,1581,22,0,9 10,0
16019,'1497369',1705,,1582,22,0,9 10,0
16019,'1497370',1805,,1583,22,0,9 10,0
