15019,'1492887',1900,,1660,34,,,0
15019,'1492888',2000,,1661,34,,,0
15019,'1492889',2100,,1662,34,,,0
15019,'1492890',2200,,1663,34,,,0
15019,'1495961',700,,1664,34,,,0
15019,'1495962',800,,1665,34,,,0
15019,'1495963',900,,1666,34,,,0
15019,'1495964',1000,,1667,34,,,0
15019,'1495965',1100,,1668,34,,,0
15019,'1495966',1200,,1669,34,,,0
15019,'1495967',1300,,1670,34,,,0
15019,'1495968',1400,,1671,34,,,0
15019,'1495969',1500,,1672,34,,,0
15019,'1495970',1600,,1673,34,,,0
15019,'1495971',1700,,1674,34,,,0
15019,'1495972',1800,,1675,34,,,0
15019,'1497631',700,,1676,34,,,0
15019,'1497632',800,,1677,34,,,0
15019,'1497633',900,,1678,34,,,0
15019,'1497634',1000,,1679,34,,,0
15019,'1497635',1100,,1680,34,,,0
15019,'1497636',1200,,1681,34,,,0
15019,'1497637',1300,,1682,34,,,0
15019,'1497638',1400,,1683,34,,,0
15019,'1497639',1500,,1684,34,,,0
15019,'1497640',1600,,1685,34,,,0
15019,'1497641',1700,,1686,34,,,0
15019,'1497642',1800,,1687,34,,,0
15019,'1497643',1900,,1688,34,,,0
15019,'1497644',2000,,1689,34,,,0
15019,'1497645',2100,,1690,34,,,0
15019,'1497646',2200,,1691,34,,,0
15019,'1497647',900,,1692,34,,,0
15019,'1497648',1000,,1693,34,,,0
15019,'1497649',1100,,1694,34,,,0
15019,'1497650',1200,,1695,34,,,0
15019,'1497651',1300,,1696,34,,,0
15019,'1497652',1400,,1697,34,,,0
15019,'1497653',1500,,1698,34,,,0
15019,'1497654',1600,,1699,34,,,0
15019,'1497655',1700,,1700,34,,,0
15019,'1497656',1800,,1701,34,,,0
15019,'1497657',1900,,1702,34,,,0
15019,'1497658',2000,,1703,34,,,0
15019,'1497659',2100,,1704,34,,,0
15019,'1497660',2200,,1705,34,,,0
