1019,'1483501',744,,25,1,0,18,0
2019,'1483532',744,,885,1,,,0
2019,'1486350',639,,1505,13,,,0
2019,'1486351',719,,1506,13,,,0
2019,'1486352',759,,1507,13,,,0
2019,'1486353',839,,1508,13,,,0
2019,'1486354',919,,1509,13,,,0
2019,'1486355',959,,1510,13,,,0
2019,'1486356',1039,,1511,13,,,0
2019,'1486357',1119,,1512,13,,,0
2019,'1486358',1159,,1513,13,,,0
2019,'1486359',1239,,1514,13,,,0
2019,'1486360',1319,,1515,13,,,0
2019,'1486361',1359,,1516,13,,,0
2019,'1486362',1439,,1517,13,,,0
2019,'1486363',1519,,1518,13,,,0
2019,'1486364',1559,,1519,13,,,0
2019,'1486365',1639,,1520,13,,,0
2019,'1486366',1719,,1521,13,,,0
2019,'1486367',819,,1522,30,,,0
2019,'1486368',859,,1523,30,,,0
2019,'1486369',939,,1524,30,,,0
2019,'1486370',1019,,1525,30,,,0
2019,'1486371',1059,,1526,30,,,0
2019,'1486372',1139,,1527,30,,,0
2019,'1486373',1219,,1528,30,,,0
2019,'1486374',1259,,1529,30,,,0
2019,'1486375',1339,,1530,30,,,0
2019,'1486376',1419,,1531,30,,,0
2019,'1486377',1459,,1532,30,,,0
2019,'1486378',1539,,1533,30,,,0
2019,'1486379',1619,,1534,30,,,0
2019,'1486380',1659,,1535,30,,,0
2019,'1486381',1739,,1536,30,,,0
2019,'1486382',1819,,1537,30,,,0
2019,'1486958',1759,,1538,13,,,0
30000019,'1496023',822,,1329,6,,,0
30000019,'1496024',922,,1330,6,,,0
30000019,'1496025',1022,,1331,6,,,0
30000019,'1496026',1122,,1332,6,,,0
30000019,'1496027',1222,,1333,6,,,0
30000019,'1496028',1322,,1334,6,,,0
30000019,'1496029',1422,,1335,6,,,0
30000019,'1496030',1522,,1336,6,,,0
30000019,'1496031',1622,,1337,6,,,0
