15019,'1494948',635,,1395,3,,,0
15019,'1494949',735,,1396,3,,,0
15019,'1494950',835,,1397,3,,,0
15019,'1494951',935,,1398,3,,,0
15019,'1494952',1035,,1399,3,,,0
15019,'1494953',1135,,1400,3,,,0
15019,'1494954',1235,,1401,3,,,0
15019,'1494955',1335,,1402,3,,,0
15019,'1494956',1435,,1403,3,,,0
15019,'1494957',1535,,1404,3,,,0
15019,'1494958',1635,,1405,3,,,0
15019,'1494959',1735,,1406,3,,,0
15019,'1494960',1835,,1407,3,,,0
15019,'1494961',1935,,1408,3,,,0
15019,'1494962',2035,,1409,3,,,0
15019,'1494963',2135,,1410,3,,,0
15019,'1494964',835,,1411,3,,,0
15019,'1494965',935,,1412,3,,,0
15019,'1494966',1035,,1413,3,,,0
15019,'1494967',1135,,1414,3,,,0
15019,'1494968',1235,,1415,3,,,0
15019,'1494969',1335,,1416,3,,,0
15019,'1494970',1435,,1417,3,,,0
15019,'1494971',1535,,1418,3,,,0
15019,'1494972',1635,,1419,3,,,0
15019,'1494973',1735,,1420,3,,,0
15019,'1494974',1835,,1421,3,,,0
15019,'1494975',1935,,1422,3,,,0
15019,'1494976',2035,,1423,3,,,0
15019,'1494977',2135,,1424,3,,,0
19019,'1489098',655,,1214,21,,,0
19019,'1489099',735,,1215,21,,,0
19019,'1489100',815,,1216,21,,,0
19019,'1489101',855,,1217,21,,,0
19019,'1489102',935,,1218,21,,,0
19019,'1489103',1015,,1219,21,,,0
19019,'1489104',1055,,1220,21,,,0
19019,'1489105',1135,,1221,21,,,0
19019,'1489106',1215,,1222,21,,,0
19019,'1489107',1255,,1223,21,,,0
19019,'1489108',1335,,1224,21,,,0
19019,'1489109',1415,,1225,21,,,0
19019,'1489110',1455,,1226,21,,,0
19019,'1489111',1535,,1227,21,,,0
19019,'1489112',1615,,1228,21,,,0
19019,'1489113',1655,,1229,21,,,0
19019,'1489114',1735,,1230,21,,,0
19019,'1489115',1815,,1231,21,,,0
19019,'1489116',715,,1232,21,,,0
19019,'1489117',755,,1233,21,,,0
19019,'1489118',835,,1234,21,,,0
19019,'1489119',915,,1235,21,,,0
19019,'1489120',955,,1236,21,,,0
19019,'1489121',1035,,1237,21,,,0
19019,'1489122',1115,,1238,21,,,0
19019,'1489123',1155,,1239,21,,,0
19019,'1489124',1235,,1240,21,,,0
19019,'1489125',1315,,1241,21,,,0
19019,'1489126',1355,,1242,21,,,0
19019,'1489127',1435,,1243,21,,,0
19019,'1489128',1515,,1244,21,,,0
19019,'1489129',1555,,1245,21,,,0
19019,'1489130',1635,,1246,21,,,0
19019,'1489131',1715,,1247,21,,,0
19019,'1489132',1755,,1248,21,,,0
20019,'1497182',631,,1459,3,,,0
20019,'1497183',711,,1460,3,,,0
20019,'1497184',751,,1461,3,,,0
20019,'1497185',831,,1462,3,,,0
20019,'1497186',911,,1463,3,,,0
20019,'1497187',951,,1464,3,,,0
20019,'1497188',1031,,1465,3,,,0
20019,'1497189',1111,,1466,3,,,0
20019,'1497190',1151,,1467,3,,,0
20019,'1497191',1231,,1468,3,,,0
20019,'1497192',1311,,1469,3,,,0
20019,'1497193',1351,,1470,3,,,0
20019,'1497194',1431,,1471,3,,,0
20019,'1497195',1511,,1472,3,,,0
20019,'1497196',1551,,1473,3,,,0
20019,'1497197',1631,,1474,3,,,0
20019,'1497198',1711,,1475,3,,,0
20019,'1497199',1751,,1476,3,,,0
20019,'1497200',1831,,1477,3,,,0
20019,'1497201',1911,,1478,3,,,0
20019,'1497202',1951,,1479,3,,,0
20019,'1497203',2031,,1480,3,,,0
20019,'1497204',2111,,1481,3,,,0
20019,'1497205',2151,,1482,3,,,0
20019,'1497206',751,,1483,3,,,0
20019,'1497207',831,,1484,3,,,0
20019,'1497208',911,,1485,3,,,0
20019,'1497209',951,,1486,3,,,0
20019,'1497210',1031,,1487,3,,,0
20019,'1497211',1111,,1488,3,,,0
20019,'1497212',1151,,1489,3,,,0
20019,'1497213',1231,,1490,3,,,0
20019,'1497214',1311,,1491,3,,,0
20019,'1497215',1351,,1492,3,,,0
20019,'1497216',1431,,1493,3,,,0
20019,'1497217',1511,,1494,3,,,0
20019,'1497218',1551,,1495,3,,,0
20019,'1497219',1631,,1496,3,,,0
20019,'1497220',1711,,1497,3,,,0
20019,'1497221',1751,,1498,3,,,0
20019,'1497222',1831,,1499,3,,,0
20019,'1497223',1911,,1500,3,,,0
20019,'1497224',1951,,1501,3,,,0
20019,'1497225',2031,,1502,3,,,0
20019,'1497226',2111,,1503,3,,,0
20019,'1497227',2151,,1504,3,,,0
901019,'1490032',855,,1584,52,0,16 17,0
901019,'1490033',1015,,1585,52,0,16 17,0
901019,'1490034',1135,,1586,52,0,16 17,0
901019,'1490035',1255,,1587,52,0,16 17,0
901019,'1490036',1415,,1588,52,0,16 17,0
901019,'1490037',1535,,1589,52,0,16 17,0
901019,'1490038',1655,,1590,52,0,16 17,0
901019,'1490039',1815,,1591,52,0,16 17,0
901019,'1490040',1935,,1592,52,0,16 17,0
901019,'1490041',2055,,1593,52,0,16 17,0
901019,'1490042',2215,,1594,52,0,16 17,0
901019,'1497384',1935,,1607,52,0,16 17,0
901019,'1497385',2055,,1608,52,0,16 17,0
901019,'1497386',2215,,1609,52,0,16 17,0
902019,'1490054',1855,,1610,20,0,16 17,0
902019,'1490055',2015,,1611,20,0,16 17,0
902019,'1490056',2135,,1612,20,0,16 17,0
902019,'1490057',815,,1613,20,0,16 17,0
902019,'1490058',935,,1614,20,0,16 17,0
902019,'1490059',1055,,1615,20,0,16 17,0
902019,'1490060',1215,,1616,20,0,16 17,0
902019,'1490061',1335,,1617,20,0,16 17,0
902019,'1490062',1455,,1618,20,0,16 17,0
902019,'1490063',1615,,1619,20,0,16 17,0
902019,'1490064',1735,,1620,20,0,16 17,0
902019,'1490065',1855,,1621,20,0,16 17,0
902019,'1490066',2015,,1622,20,0,16 17,0
902019,'1490067',2135,,1623,20,0,16 17,0
30000019,'1496023',835,,1329,12,,,0
30000019,'1496024',935,,1330,12,,,0
30000019,'1496025',1035,,1331,12,,,0
30000019,'1496026',1135,,1332,12,,,0
30000019,'1496027',1235,,1333,12,,,0
30000019,'1496028',1335,,1334,12,,,0
30000019,'1496029',1435,,1335,12,,,0
30000019,'1496030',1535,,1336,12,,,0
30000019,'1496031',1635,,1337,12,,,0
