2019,'1486350',638,,1505,11,,,0
2019,'1486351',718,,1506,11,,,0
2019,'1486352',758,,1507,11,,,0
2019,'1486353',838,,1508,11,,,0
2019,'1486354',918,,1509,11,,,0
2019,'1486355',958,,1510,11,,,0
2019,'1486356',1038,,1511,11,,,0
2019,'1486357',1118,,1512,11,,,0
2019,'1486358',1158,,1513,11,,,0
2019,'1486359',1238,,1514,11,,,0
2019,'1486360',1318,,1515,11,,,0
2019,'1486361',1358,,1516,11,,,0
2019,'1486362',1438,,1517,11,,,0
2019,'1486363',1518,,1518,11,,,0
2019,'1486364',1558,,1519,11,,,0
2019,'1486365',1638,,1520,11,,,0
2019,'1486366',1718,,1521,11,,,0
2019,'1486367',818,,1522,28,,,0
2019,'1486368',858,,1523,28,,,0
2019,'1486369',938,,1524,28,,,0
2019,'1486370',1018,,1525,28,,,0
2019,'1486371',1058,,1526,28,,,0
2019,'1486372',1138,,1527,28,,,0
2019,'1486373',1218,,1528,28,,,0
2019,'1486374',1258,,1529,28,,,0
2019,'1486375',1338,,1530,28,,,0
2019,'1486376',1418,,1531,28,,,0
2019,'1486377',1458,,1532,28,,,0
2019,'1486378',1538,,1533,28,,,0
2019,'1486379',1618,,1534,28,,,0
2019,'1486380',1658,,1535,28,,,0
2019,'1486381',1738,,1536,28,,,0
2019,'1486382',1818,,1537,28,,,0
2019,'1486958',1758,,1538,11,,,0
